011003,00000000110037,00,0003350,00,000,0,000,000,00000000,0,0,0,CHOCLO S E 1 UN ESPIGA     ,
011006,00000000110068,00,0027150,00,000,0,000,000,00000000,0,0,0,COLIFLOR S E 1 KG SUPER    ,
011007,00000000110075,00,0020250,00,000,0,000,000,00000000,0,0,0,LECHUGA S E 1 KG REPOLLADA ,
011208,00000000112086,00,0030000,00,000,0,000,000,00000000,0,0,0,BANANA ECUATORIANA         ,
011209,00000000112093,00,0032850,00,000,0,000,000,00000000,0,0,0,UVA S E 1 KG BLANCA BRASIL ,
011210,00000000112109,00,0005700,00,000,0,000,000,00000000,0,0,0,NARANJA OMBLIGO KG         ,
011214,00000000112147,00,0022850,00,000,0,000,000,00000000,0,0,0,LIMON S E 1 KG SUTIL       ,
011215,00000000112154,00,0021450,00,000,0,000,000,00000000,0,0,0,LIMON S E 1 KG REAL        ,
011216,00000000112161,00,0009850,00,000,0,000,000,00000000,0,0,0,MELON S E 1 KG NACIONAL    ,
011217,00000000112178,00,0009850,00,000,0,000,000,00000000,0,0,0,MELON S E 1 KG JAPONESA    ,
011218,00000000112185,00,0024300,00,000,0,000,000,00000000,0,0,0,MELON S E 1 KG DELICIA     ,
011223,00000000112239,00,0024650,00,000,0,000,000,00000000,0,0,0,CIRUELA S E 1 KG ARGENTINA ,
011224,00000000112246,00,0017100,00,000,0,000,000,00000000,0,0,0,DURAZNO NACIONAL S E 1 KG  ,
011226,00000000112260,00,0024650,00,000,0,000,000,00000000,0,0,0,DURAZNO S E 1 KG ARGENTINA ,
011227,00000000112277,00,0025700,00,000,0,000,000,00000000,0,0,0,PELON S E 1 KG ARGENTINA   ,
011228,00000000112284,00,0025700,00,000,0,000,000,00000000,0,0,0,PELON S E 1 KG             ,
011229,00000000112291,00,0121450,00,000,0,000,000,00000000,0,0,0,CEREZA S E X KG            ,
011230,00000000112307,00,0100000,00,000,0,000,000,00000000,0,0,0,NISPERO S E 1 KG           ,
011231,00000000112314,00,0048100,00,000,0,000,000,00000000,0,0,0,FRUTILLA S E NACIONAL X KG ,
011232,00000000112321,00,0057150,00,000,0,000,000,00000000,0,0,0,KAKI BRASILERO S E 1 KG    ,
011233,00000000112338,00,0142850,00,000,0,000,000,00000000,0,0,0,QUINOTO S E 1 KG           ,
011234,00000000112345,00,0064300,00,000,0,000,000,00000000,0,0,0,CIRIMOYA S E 1 KG          ,
011235,00000000112352,00,0178550,00,000,0,000,000,00000000,0,0,0,HIGO S E 1 KG              ,
011238,00000000112383,00,0037750,00,000,0,000,000,00000000,0,0,0,UVA EN BANDEJA BJA 1 KG NEG,
011240,00000000112406,00,0011950,00,000,0,000,000,00000000,0,0,0,PERA DE AGUA EXTRA EN BANDE,
011247,00000000112475,00,0036750,00,000,0,000,000,00000000,0,0,0,UVA EN BANDEJA BJA 1 KG BLA,
011254,00000000112543,00,0008700,00,000,0,000,000,00000000,0,0,0,LIMON EN BANDEJA BJA 1 KG T,
011263,00000000112635,00,0011000,00,000,0,000,000,00000000,0,0,0,MANDARINA EN BANDEJA BJA 1 ,
011265,00000000112659,00,0028300,00,000,0,000,000,00000000,0,0,0,CIRUELA ARGENTINA BJA 1 KG ,
011269,00000000112697,00,0030800,00,000,0,000,000,00000000,0,0,0,PELON EN BANDEJA BJA 1 KG A,
011272,00000000112727,00,0011300,00,000,0,000,000,00000000,0,0,0,MELON EN MALLA MLL 1 KG    ,
011284,00000000112840,00,0054300,00,000,0,000,000,00000000,0,0,0,LOCOTE S E 1 KG BLANCO     ,
011294,00000000112949,00,0030000,00,000,0,000,000,00000000,0,0,0,AJI S E 1 KG ROJO          ,
011337,00000000113373,00,0082850,00,000,0,000,000,00000000,0,0,0,ENDIVIA S E X KILO         ,
011356,00000000113564,00,0001500,00,000,0,000,000,00000000,0,0,0,ALBAHACA S E 1 UN MORADA   ,
011378,00000000113786,00,0010700,00,000,0,000,000,00000000,0,0,0,ZAPALLITO S E 1 KG ITALIANO,
011382,00000000113823,00,0013700,00,000,0,000,000,00000000,0,0,0,TOMATE SANTA CRUZ EXTRA EN ,
011395,00000000113953,00,0018050,00,000,0,000,000,00000000,0,0,0,BERENJENA EN BANDEJA BJA 1 ,
011397,00000000113977,00,0012300,00,000,0,000,000,00000000,0,0,0,ZAPALLITO EN BANDEJA BJA 1 ,
011398,00000000113984,00,0009800,00,000,0,000,000,00000000,0,0,0,ZAPALLITO EN BANDEJA BJA 1 ,
011400,00000000114004,00,0011300,00,000,0,000,000,00000000,0,0,0,PEPINO EN BANDEJA BJA 1 KG ,
011401,00000000114011,00,0007600,00,000,0,000,000,00000000,0,0,0,CEBOLLA DE CABEZA EN BANDEJ,
011402,00000000114028,00,0011500,00,000,0,000,000,00000000,0,0,0,REMOLACHA EXTRA EN BANDEJA ,
011446,00000000114462,00,0135700,00,000,0,000,000,00000000,0,0,0,GRANADA S E 1 KG           ,
011452,00000000114523,00,0007950,00,000,0,000,000,00000000,0,0,0,REPOLLO EN BANDEJA BJA 1 KG,
011453,00000000114530,00,0014300,00,000,0,000,000,00000000,0,0,0,CEBOLLA DE CABEZA S E  KG R,
011454,00000000114547,00,0006350,00,000,0,000,000,00000000,0,0,0,CEBOLLA X KG               ,
011550,00000000115506,00,0021450,00,000,0,000,000,00000000,0,0,0,BERENJENA IMPORTADA S E 1 K,
011733,00000000117333,00,0032200,00,000,0,000,000,00000000,0,0,0,CHORIZO VIENA OCHSI GRANEL ,
012497,00000000124973,00,0062650,00,000,0,000,000,00000000,0,0,0,POROTOS S E 1 KG MANTECA   ,
012498,00000000124980,00,0029350,00,000,0,000,000,00000000,0,0,0,POROTOS S E 1 KG PEKY      ,
012516,00000000125161,00,0020550,00,000,0,000,000,00000000,0,0,0,CIRUELA S E 1 KG NACIONAL  ,
012524,00000000125246,00,0021450,00,000,0,000,000,00000000,0,0,0,BROCOLI S E 1 UN DE CABEZA ,
012687,00000000126878,00,0009500,00,000,0,000,000,00000000,0,0,0,ZANAHORIA DE 1RA S E KG    ,
012690,00000000126908,00,0027400,00,000,0,000,000,00000000,0,0,0,LOCOTE S E 1 KG ROJO       ,
012696,00000000126960,00,0025700,00,000,0,000,000,00000000,0,0,0,COLIFLOR EN COLORES IMPORTA,
012697,00000000126977,00,0035700,00,000,0,000,000,00000000,0,0,0,ANQUITO1 KG IMPORTADO      ,
012898,00000000128988,00,0045700,00,000,0,000,000,00000000,0,0,0,PERA S E X 1 KG ASIATICA   ,
012902,00000000129022,00,0002950,00,000,0,000,000,00000000,0,0,0,BANANA S E 1 KG BRASIL     ,
012929,00000000129299,00,0007950,00,000,0,000,000,00000000,0,0,0,MBURUCUYA NACIONAL X KG    ,
012947,00000000129473,00,0011150,00,000,0,000,000,00000000,0,0,0,PAPITA MALLA BLANC         ,
012958,00000000129589,00,0005050,00,000,0,000,000,00000000,0,0,0,CEBOLLA DE CABEZA S E 1 KG ,
012967,00000000129671,00,0028550,00,000,0,000,000,00000000,0,0,0,LOCOTE S E 1 KG ANARANJADO ,
013410,00000000134101,00,0071450,00,000,0,000,000,00000000,0,0,0,FRUTILLA S E 1 KG IMPORTADA,
013761,00000000137614,00,0007950,00,000,0,000,000,00000000,0,0,0,NARANJA IMPORTADA X KG     ,
013879,00000000138796,00,0022150,00,000,0,000,000,00000000,0,0,0,CHOCLO DULCE EN BANDEJA XUN,
015934,00000000159340,00,0004700,00,000,0,000,000,00000000,0,0,0,CALABAZA S E 1 KG          ,
016267,00000000162678,00,0051900,00,000,0,000,000,00000000,0,0,0,QUESO MUZARELLA LACTOLANDA ,
016293,00000000162937,00,0032850,00,000,0,000,000,00000000,0,0,0,UVA S E ROSADO IMPORT X KL ,
016302,00000000163026,00,0006950,00,000,0,000,000,00000000,0,0,0,SANDIA IMPORTADA S E X KG  ,
017191,00000000171915,00,0028950,00,000,0,000,000,00000000,0,0,0,COSTILLA PRIMERA S E 1 KG D,
017921,00000000179218,00,0032200,00,000,0,000,000,00000000,0,0,0,CHORIZO VIENA OCHSI PICANTE,
018982,00000000189828,00,0045800,00,000,0,000,000,00000000,0,0,0,QUESO SANDWICH LOS COLONOS ,
018985,00000000189859,00,0037000,00,000,0,000,000,00000000,0,0,0,QUESO TIPO PARAGUaY  x 1   ,
019169,00000000191692,00,0007950,00,000,0,000,000,00000000,0,0,0,MANZANA COLEGIALA ECONOMICA,
019182,00000000191821,00,0003050,00,000,0,000,000,00000000,0,0,0,NARANJA ECONOMICA X KG     ,
019239,00000000192392,00,0007850,00,000,0,000,000,00000000,0,0,0,CALABAZA BRASILERO SC S E 1,
019276,00000000192767,00,0128550,00,000,0,000,000,00000000,0,0,0,COL DE BRUSELAS SC S E 1 KG,
019309,00000000193092,00,0085700,00,000,0,000,000,00000000,0,0,0,CARAMBOLA BRASILERO SC 1KG ,
019315,00000000193153,00,0003800,00,000,0,000,000,00000000,0,0,0,ACELGA  X MAZO             ,
019316,00000000193160,00,0002800,00,000,0,000,000,00000000,0,0,0,ACELGA CHINA  X MAZO       ,
019318,00000000193184,00,0002050,00,000,0,000,000,00000000,0,0,0,ALBAHACA VERDE  HOJA X MAZO,
019319,00000000193191,00,0001000,00,000,0,000,000,00000000,0,0,0,ACHICORIA BLANCA X MAZO    ,
019321,00000000193214,00,0003550,00,000,0,000,000,00000000,0,0,0,BERRO  X MAZO              ,
019323,00000000193238,00,0001000,00,000,0,000,000,00000000,0,0,0,CEBOLLITA DE HOJA X UN     ,
019324,00000000193245,00,0005050,00,000,0,000,000,00000000,0,0,0,CEBOLLA DE CABEZA CON HOJA ,
019326,00000000193269,00,0003800,00,000,0,000,000,00000000,0,0,0,COLINABO  X UN             ,
019327,00000000193276,00,0001900,00,000,0,000,000,00000000,0,0,0,ESCAROLA  X UN             ,
019328,00000000193283,00,0003050,00,000,0,000,000,00000000,0,0,0,ESPINACA BLANCA X UN       ,
019329,00000000193290,00,0002300,00,000,0,000,000,00000000,0,0,0,ESPINACA NEGRA X UN        ,
019330,00000000193306,00,0005050,00,000,0,000,000,00000000,0,0,0,HINOJO  X UN               ,
019331,00000000193313,00,0001650,00,000,0,000,000,00000000,0,0,0,KOBE  X MZ                 ,
019332,00000000193320,00,0002900,00,000,0,000,000,00000000,0,0,0,KURATU  X MAZO             ,
019333,00000000193337,00,0000950,00,000,0,000,000,00000000,0,0,0,LAUREL  X  UNIDAD          ,
019334,00000000193344,00,0007550,00,000,0,000,000,00000000,0,0,0,LECHUGA BLANCA  X UN       ,
019335,00000000193351,00,0006250,00,000,0,000,000,00000000,0,0,0,LECHUGA  PIRATI X MZ       ,
019336,00000000193368,00,0007550,00,000,0,000,000,00000000,0,0,0,LECHUGA CRIOLLA  X UN      ,
019337,00000000193375,00,0007550,00,000,0,000,000,00000000,0,0,0,LECHUGA MANTECOSA X UN     ,
019338,00000000193382,00,0007550,00,000,0,000,000,00000000,0,0,0,LECHUGA MIMOSA MORADA      ,
019339,00000000193399,00,0007550,00,000,0,000,000,00000000,0,0,0,LECHUGA MIMOSA VERDE X UN  ,
019341,00000000193412,00,0002550,00,000,0,000,000,00000000,0,0,0,NABO X UNIDAD              ,
019342,00000000193429,00,0000950,00,000,0,000,000,00000000,0,0,0,OREGANO  X  UN             ,
019343,00000000193436,00,0000900,00,000,0,000,000,00000000,0,0,0,PEREJIL  X UN              ,
019344,00000000193443,00,0002300,00,000,0,000,000,00000000,0,0,0,PEREJIL JAPONES  X UN      ,
019345,00000000193450,00,0003800,00,000,0,000,000,00000000,0,0,0,RABANITO  X UN             ,
019347,00000000193474,00,0005700,00,000,0,000,000,00000000,0,0,0,REMOLACHA CON HOJAS X UN   ,
019351,00000000193511,00,0005700,00,000,0,000,000,00000000,0,0,0,ZANAHORIA CON HOJAS X  UN  ,
019354,00000000193542,00,0022150,00,000,0,000,000,00000000,0,0,0,APIO BRASILERO  X KG       ,
019356,00000000193566,00,0026650,00,000,0,000,000,00000000,0,0,0,ARVEJA CON CASCARA TRES BOC,
019358,00000000193580,00,0004700,00,000,0,000,000,00000000,0,0,0,BATATA COLORADA MALLA      ,
019365,00000000193658,00,0000950,00,000,0,000,000,00000000,0,0,0,REMEDIO REFRESCANTE X UNIDA,
019366,00000000193665,00,0002900,00,000,0,000,000,00000000,0,0,0,RUCULA X UNIDAD            ,
019367,00000000193672,00,0002550,00,000,0,000,000,00000000,0,0,0,TOMILLO  X UNIDAD          ,
019374,00000000193740,00,0005950,00,000,0,000,000,00000000,0,0,0,PERA ECONOMICA X KG        ,
019382,00000000193825,00,0025700,00,000,0,000,000,00000000,0,0,0,CHOCLO DULCE  X KL         ,
019388,00000000193887,00,0017150,00,000,0,000,000,00000000,0,0,0,SATUINO TRES BOCAS X KL    ,
019430,00000000194303,00,0012650,00,000,0,000,000,00000000,0,0,0,PAPA BLANCA EN MALLA X KL  ,
019446,00000000194464,00,0057150,00,000,0,000,000,00000000,0,0,0,PUERRO BRASIL  X KL        ,
019458,00000000194587,00,0035700,00,000,0,000,000,00000000,0,0,0,CHAUCHA BRASILERO X KL     ,
019463,00000000194631,00,0003150,00,000,0,000,000,00000000,0,0,0,APIO NAC X UN              ,
019464,00000000194648,00,0002550,00,000,0,000,000,00000000,0,0,0,PUERRO X UND               ,
019465,00000000194655,00,0001900,00,000,0,000,000,00000000,0,0,0,ROMERO X MAZO              ,
019467,00000000194679,00,0035700,00,000,0,000,000,00000000,0,0,0,TOMATE CHERRY  X KG        ,
019487,00000000194877,00,0027400,00,000,0,000,000,00000000,0,0,0,CIRUELA ROJA IMP 1 KG      ,
019510,00000000195102,00,0006850,00,000,0,000,000,00000000,0,0,0,MAMON NACIONAL S E 1 KG    ,
019513,00000000195133,00,0009600,00,000,0,000,000,00000000,0,0,0,MANDARINA IMPORTADA 1 KG   ,
019514,00000000195140,00,0007550,00,000,0,000,000,00000000,0,0,0,MANGO NACIONAL  1 KG       ,
019519,00000000195195,00,0097150,00,000,0,000,000,00000000,0,0,0,MBURUCUYA DULCE X KG       ,
019535,00000000195355,00,0031450,00,000,0,000,000,00000000,0,0,0,PI A PEROLA SC 1 KG        ,
019540,00000000195409,00,0085700,00,000,0,000,000,00000000,0,0,0,TORONJA SC 1 KG            ,
019550,00000000195508,00,0007750,00,000,0,000,000,00000000,0,0,0,POROTO PEKY C  CASC SC 1 KG,
019552,00000000195522,00,0010950,00,000,0,000,000,00000000,0,0,0,POROTO MANT C  CASC SC 1 KG,
019557,00000000195577,00,0009300,00,000,0,000,000,00000000,0,0,0,AGUACATE NACIONAL X KG     ,
019561,00000000195614,00,0010150,00,000,0,000,000,00000000,0,0,0,BROCOLI  X UN              ,
019573,00000000195737,00,0008250,00,000,0,000,000,00000000,0,0,0,HARINA DE MAIZ FRESCA 1RA X,
019605,00000000196055,00,0005500,00,000,0,000,000,00000000,0,0,0,MANDARINA NACIONAL X KG    ,
019699,00000000196994,00,0010000,00,000,0,000,000,00000000,0,0,0,POMELO IMPORTADO S E 1 X KG,
019780,00000000197809,00,0002550,00,000,0,000,000,00000000,0,0,0,CIOBOULLETTE  X MAZO       ,
019792,00000000197922,00,0150000,00,000,0,000,000,00000000,0,0,0,ESPARRAGO X KILO           ,
019965,00000000199650,00,0007550,00,000,0,000,000,00000000,0,0,0,MANDARINA X KG             ,
020475,00000000204750,00,0010650,00,000,0,000,000,00000000,0,0,0,TOMATE PERITA O STA CRUZ EC,
020521,00000000205214,00,0003650,00,000,0,000,000,00000000,0,0,0,PAPA ECONOMICA X KG        ,
020706,00000000207065,00,0085700,00,000,0,000,000,00000000,0,0,0,ALCACHOFAS X KG IMPORTADA  ,
021287,00000000212878,00,0023300,00,000,0,000,000,00000000,0,0,0,UVA RED GLOBE X KG         ,
022050,00000000220507,00,0003350,00,000,0,000,000,00000000,0,0,0,BANANA KARAPE ECONOMICA X K,
022227,00000000222273,00,0017150,00,000,0,000,000,00000000,0,0,0,COCO VERDE                 ,
022258,00000000222587,00,0021300,00,000,0,000,000,00000000,0,0,0,SANDIA JAPONES X KL        ,
022453,00000000224536,00,0032800,00,000,0,000,000,00000000,0,0,0,CHAUCHA EN BANDEJA X KG    ,
022542,00000000225427,00,0128550,00,000,0,000,000,00000000,0,0,0,CAJU EN BANDEJA            ,
022666,00000000226660,00,0005450,00,000,0,000,000,00000000,0,0,0,LIMON JAPONES              ,
022668,00000000226684,00,0314300,00,000,0,000,000,00000000,0,0,0,GROSELLA X KILOS           ,
023025,00000000230254,00,0003150,00,000,0,000,000,00000000,0,0,0,CHAUCHA  X MAZO            ,
023028,00000000230285,00,0001900,00,000,0,000,000,00000000,0,0,0,RUDA X MAZO                ,
023043,00000000230438,00,0014300,00,000,0,000,000,00000000,0,0,0,PEPINILLO X KILO           ,
023112,00000000231121,00,0021450,00,000,0,000,000,00000000,0,0,0,CALABAZA CALABAZA GIGANTE  ,
023127,00000000231275,00,0007350,00,000,0,000,000,00000000,0,0,0,PAPA X KILO                ,
023164,00000000231640,00,0021450,00,000,0,000,000,00000000,0,0,0,KAKI NACIONAL X KG         ,
023711,00000000237116,00,0009300,00,000,0,000,000,00000000,0,0,0,BATATA ROJA BRASIL 1KG     ,
023716,00000000237161,00,0030000,00,000,0,000,000,00000000,0,0,0,UVA MOSCATE X KILO         ,
023739,00000000237390,00,0006550,00,000,0,000,000,00000000,0,0,0,NARANJA MALLA BRASIL 1KG   ,
023764,00000000237642,00,0029550,00,000,0,000,000,00000000,0,0,0,CIRUELA ARG BJA X KG S E   ,
023765,00000000237659,00,0029550,00,000,0,000,000,00000000,0,0,0,DURAZNO ARG BJA X KG S E   ,
023767,00000000237673,00,0075550,00,000,0,000,000,00000000,0,0,0,KIWI BJA X KG S E          ,
023771,00000000237710,00,0006550,00,000,0,000,000,00000000,0,0,0,NARANJA NAC   BJA  X KG S E,
023772,00000000237727,00,0024650,00,000,0,000,000,00000000,0,0,0,MAMON CHICO BJA X KG S E   ,
023773,00000000237734,00,0022800,00,000,0,000,000,00000000,0,0,0,MAMON GRANDE BJA X KG S E  ,
023774,00000000237741,00,0013950,00,000,0,000,000,00000000,0,0,0,MANZANA COLEG  BJA X KG S E,
023823,00000000238236,00,0024300,00,000,0,000,000,00000000,0,0,0,NARANJA BRASIL BAHIA S E X ,
023839,00000000238397,00,0018550,00,000,0,000,000,00000000,0,0,0,MANZANA GALA 1 MIMOSA 1KG  ,
023848,00000000238489,00,0009800,00,000,0,000,000,00000000,0,0,0,LOCOTE VERDE ECONOMICO X KG,
023892,00000000238922,00,0021450,00,000,0,000,000,00000000,0,0,0,LIMA DE PERSIA X KG        ,
023920,00000000239202,00,0092850,00,000,0,000,000,00000000,0,0,0,ZANAHORIA BABY X KG        ,
024545,00000000245456,00,0128550,00,000,0,000,000,00000000,0,0,0,LITCHI X KG S E            ,
031496,00000000314961,00,0016450,00,000,0,000,000,00000000,0,0,0,CHORIZO DE VIENA GRANDE X K,
031499,00000000314992,00,0016450,00,000,0,000,000,00000000,0,0,0,CHORIZO PARRILLERO PREC  S ,
031747,00000000317474,00,0022850,00,000,0,000,000,00000000,0,0,0,CEBOLLA BLANCA X KG        ,
033953,00000000339537,00,0003050,00,000,0,000,000,00000000,0,0,0,ZANAHORIA ECONOMICO X KG   ,
034000,00000000340000,00,0010500,00,000,0,000,000,00000000,0,0,0,CARAMELOS DIET MENTA 42GR I,
034000,00000000340000,00,0010500,00,000,0,000,000,00000000,0,0,0,PASTILLAS DIET FRUTAS ACIDA,
034000,00000000340000,00,0010500,00,000,0,000,000,00000000,0,0,0,PASTILLAS DIET FRUTAS ROJAS,
034100,00000000341000,00,0011000,00,000,0,000,000,00000000,0,0,0,CERVEZA MILLER DRAFT GENUIN,
037755,00000000377553,00,0018550,00,000,0,000,000,00000000,0,0,0,UVA KIOHO X KG             ,
037804,00000000378048,00,0055300,00,000,0,000,000,00000000,0,0,0,FRUTILLA EXTRA EN BANDEJA X,
037823,00000000378239,00,0032850,00,000,0,000,000,00000000,0,0,0,MANZANA FUJI X KG          ,
037842,00000000378420,00,0027050,00,000,0,000,000,00000000,0,0,0,PERA SUPER EXTRA EN BANDEJA,
037927,00000000379274,00,0009950,00,000,0,000,000,00000000,0,0,0,FLOR DE COCO               ,
037980,00000000379809,00,0164250,00,000,0,000,000,00000000,0,0,0,KINOTO EXTRA EN BANDEJA    ,
037982,00000000379823,00,0006550,00,000,0,000,000,00000000,0,0,0,ZAPALLO EXTRA PLASTIFICADO ,
037983,00000000379830,00,0005500,00,000,0,000,000,00000000,0,0,0,ZAPALLO NAC PLASTIFICADO   ,
038433,00000000384339,00,0015200,00,000,0,000,000,00000000,0,0,0,REPOLLO MORADO PLASTIFICADO,
038723,00000000387231,00,0031200,00,000,0,000,000,00000000,0,0,0,COLIFLOR EN BANDEJA X KG   ,
039029,00000000390293,00,0037750,00,000,0,000,000,00000000,0,0,0,UVA ROSADA EXTRA E BANDEJA ,
039183,00000000391832,00,0071450,00,000,0,000,000,00000000,0,0,0,ACEROLA KG                 ,
039185,00000000391856,00,0034500,00,000,0,000,000,00000000,0,0,0,AJI PICANTE EXTRA EN BANDEJ,
039186,00000000391863,00,0024650,00,000,0,000,000,00000000,0,0,0,JENGIBRE EXTRA EN BANDEJA  ,
039187,00000000391870,00,0114300,00,000,0,000,000,00000000,0,0,0,ALCAUCIL X KL SIN MARCA    ,
039197,00000000391979,00,0021450,00,000,0,000,000,00000000,0,0,0,BERENJENITA KG             ,
039223,00000000392235,00,0035700,00,000,0,000,000,00000000,0,0,0,GILO   x 1                 ,
039225,00000000392259,00,0009950,00,000,0,000,000,00000000,0,0,0,GROSELLA FRUTA S E X KG    ,
039231,00000000392310,00,0009100,00,000,0,000,000,00000000,0,0,0,LIMON TAHITI EN MALLA      ,
039244,00000000392440,00,0033050,00,000,0,000,000,00000000,0,0,0,LOCOTE AMARILLO EN BANDEJA ,
039324,00000000393249,00,0015700,00,000,0,000,000,00000000,0,0,0,ZAPALLO NARANJADO          ,
039329,00000000393294,00,0020000,00,000,0,000,000,00000000,0,0,0,SANDIA AMARILLA X KG       ,
039341,00000000393416,00,0037750,00,000,0,000,000,00000000,0,0,0,MANZANA FUJI EXTRA EN BANDE,
039342,00000000393423,00,0200000,00,000,0,000,000,00000000,0,0,0,MORA ZARZAMORA             ,
039345,00000000393454,00,0003950,00,000,0,000,000,00000000,0,0,0,CEBOLLA ECONOMICA X KG     ,
039356,00000000393560,00,0065700,00,000,0,000,000,00000000,0,0,0,KAKI EXTRA EN BANDEJA      ,
039894,00000000398947,00,0061750,00,000,0,000,000,00000000,0,0,0,QUESO MOZARELLA X KG LA PAU,
039926,00000000399265,00,0049950,00,000,0,000,000,00000000,0,0,0,AL VACIO COLITA CUADRIL RET,
040234,00000000402347,00,0228550,00,000,0,000,000,00000000,0,0,0,MANGOSTINO  X  KG          ,
040259,00000000402590,00,0008550,00,000,0,000,000,00000000,0,0,0,PAPA MORADA X KG           ,
040271,00000000402712,00,0050000,00,000,0,000,000,00000000,0,0,0,UVA BLANCA SIN SEMILLA     ,
040274,00000000402743,00,0007950,00,000,0,000,000,00000000,0,0,0,SANDIA EN PEDAZO PLASTIFICA,
040275,00000000402750,00,0114300,00,000,0,000,000,00000000,0,0,0,TAMARINDO EN PAQUETE       ,
040323,00000000403238,00,0019700,00,000,0,000,000,00000000,0,0,0,ACELGA JAPONESA SELECCIONAD,
040773,00000000407731,00,0006850,00,000,0,000,000,00000000,0,0,0,NARANJA VALENCIA X KG      ,
040874,00000000408745,00,0022850,00,000,0,000,000,00000000,0,0,0,BATATA KARAA               ,
041259,00000000412599,00,0006350,00,000,0,000,000,00000000,0,0,0,PALMA C DECORADO           ,
041316,00000000413169,00,0042850,00,000,0,000,000,00000000,0,0,0,AJI PICANTITO EN BANDEJA   ,
041736,00000000417365,00,0006350,00,000,0,000,000,00000000,0,0,0,PALMA S DECORADO           ,
041869,00000000418690,00,0038550,00,000,0,000,000,00000000,0,0,0,JACA X KILOGRAMO           ,
042256,00000000422567,00,0054300,00,000,0,000,000,00000000,0,0,0,GRAVIOLA X KG              ,
042264,00000000422642,00,0021450,00,000,0,000,000,00000000,0,0,0,MELON SAPO XKG             ,
042265,00000000422659,00,0200000,00,000,0,000,000,00000000,0,0,0,MORA X KILOS               ,
042266,00000000422666,00,0142850,00,000,0,000,000,00000000,0,0,0,PITAYA X KG                ,
042267,00000000422673,00,0020000,00,000,0,000,000,00000000,0,0,0,SANDIA BABY XKG            ,
042692,00000000426923,00,0063700,00,000,0,000,000,00000000,0,0,0,QUESO EDAM X KG LA PAULINA ,
042693,00000000426930,00,0063700,00,000,0,000,000,00000000,0,0,0,QUESO GOUDA X KG LA PAULINA,
044600,00000000446006,00,0192850,00,000,0,000,000,00000000,0,0,0,ARANDANO X KG              ,
044602,00000000446020,00,0007550,00,000,0,000,000,00000000,0,0,0,LECHUGA PIRATI SUPER XUND  ,
044603,00000000446037,00,0007550,00,000,0,000,000,00000000,0,0,0,LECHUGA MORADA SUPER UND   ,
044604,00000000446044,00,0007550,00,000,0,000,000,00000000,0,0,0,LECHUGA MIMOSA SUPER UND   ,
044605,00000000446051,00,0007550,00,000,0,000,000,00000000,0,0,0,LECHUGA MANTECA SUPER UND  ,
044606,00000000446068,00,0007550,00,000,0,000,000,00000000,0,0,0,LECHUGA BLANCA SUPER UND   ,
044661,00000000446617,00,0028550,00,000,0,000,000,00000000,0,0,0,UVA NIAGARA XKG S E        ,
044692,00000000446921,00,0017850,00,000,0,000,000,00000000,0,0,0,MELON JAPONES IMPORTADO XKG,
044696,00000000446969,00,0078550,00,000,0,000,000,00000000,0,0,0,FRAMBUESA XKG S E          ,
044707,00000000447072,00,0178550,00,000,0,000,000,00000000,0,0,0,HIGO DE LA INDIA XKG S E   ,
044713,00000000447133,00,0017150,00,000,0,000,000,00000000,0,0,0,PLATANO X KG               ,
044720,00000000447201,00,0028550,00,000,0,000,000,00000000,0,0,0,NASU XKG S ENVASE          ,
044721,00000000447218,00,0041450,00,000,0,000,000,00000000,0,0,0,TOMATE TIPO HOLANDES X KG  ,
045535,00000000455350,00,0007550,00,000,0,000,000,00000000,0,0,0,BANANA ROJA 1KG S E        ,
045804,00000000458047,00,0192850,00,000,0,000,000,00000000,0,0,0,RAMBUTAN S E X KG          ,
045842,00000000458429,00,0031450,00,000,0,000,000,00000000,0,0,0,MANDIOQUI A X KILO S E     ,
045843,00000000458436,00,0032850,00,000,0,000,000,00000000,0,0,0,KAKI CHOCOLATE X KILO S E  ,
045844,00000000458443,00,0028550,00,000,0,000,000,00000000,0,0,0,CACAO X KILO S E           ,
045845,00000000458450,00,0035700,00,000,0,000,000,00000000,0,0,0,COPOAZU X KILO S E         ,
045846,00000000458467,00,0092850,00,000,0,000,000,00000000,0,0,0,TOMATE UVA X KILO S E      ,
045875,00000000458757,00,0142850,00,000,0,000,000,00000000,0,0,0,PITAYA AMARILLA X KG       ,
045876,00000000458764,00,0114300,00,000,0,000,000,00000000,0,0,0,DATILES TAMARA             ,
045878,00000000458788,00,0050000,00,000,0,000,000,00000000,0,0,0,KIWI S E 1 KG BLANCO       ,
045879,00000000458795,00,0207150,00,000,0,000,000,00000000,0,0,0,PHYSALIS X KG S E          ,
045951,00000000459518,00,0114300,00,000,0,000,000,00000000,0,0,0,CUCURMA S E X KG           ,
046048,00000000460484,00,0142850,00,000,0,000,000,00000000,0,0,0,ARANDANO NACIONAL X KL     ,
046049,00000000460491,00,0057150,00,000,0,000,000,00000000,0,0,0,MORA NACIONAL X KL         ,
046050,00000000460507,00,0040000,00,000,0,000,000,00000000,0,0,0,MELON SAN CAETANO X KL     ,
046051,00000000460514,00,0028550,00,000,0,000,000,00000000,0,0,0,CLARITA X KL               ,
046052,00000000460521,00,0071450,00,000,0,000,000,00000000,0,0,0,TOMATE KAKI X KL           ,
046053,00000000460538,00,0035700,00,000,0,000,000,00000000,0,0,0,CIRUELA AMARILLA X KL      ,
046091,00000000460910,00,0121450,00,000,0,000,000,00000000,0,0,0,JALAPE OS X KG             ,
046147,00000000461474,00,0050000,00,000,0,000,000,00000000,0,0,0,NONI X KG S E              ,
046172,00000000461726,00,0064300,00,000,0,000,000,00000000,0,0,0,ABOCADO X KG S E           ,
050103,00000000501032,00,0066500,00,000,0,000,000,00000000,0,0,0,WHISKY GRANTS S TUBO C VASO,
050103,00000000501032,00,0066500,00,000,0,000,000,00000000,0,0,0,WHISKY GRANTS C CAJA TUBO C,
054116,00000000541168,00,0008300,00,000,0,000,000,00000000,0,0,0,CHAUCHA CONG PINGUIN 300GR ,
054116,00000000541168,00,0008800,00,000,0,000,000,00000000,0,0,0,ENSALADA RUSA PINGUIN 300GR,
054116,00000000541168,00,0010500,00,000,0,000,000,00000000,0,0,0,VERDURAS CONG WOK MIX PINGU,
054116,00000000541168,00,0008650,00,000,0,000,000,00000000,0,0,0,MIX CUATRO VEGETALES CONG P,
054116,00000000541168,00,0056600,00,000,0,000,000,00000000,0,0,0,MIX DE FRUTAS CONG PINGUIN ,
054116,00000000541168,00,0009000,00,000,0,000,000,00000000,0,0,0,ARVEJA CONG PINGUIN 300GR P,
054116,00000000541168,00,0009500,00,000,0,000,000,00000000,0,0,0,ESPINACA CONG PINGUIN 300GR,
054116,00000000541168,00,0010250,00,000,0,000,000,00000000,0,0,0,BROCOLI CONGELADO PINGUIN 3,
054116,00000000541168,00,0010100,00,000,0,000,000,00000000,0,0,0,CHOCLO CONG PINGUIN 300GR P,
057096,00000000570961,00,0009100,00,000,0,000,000,00000000,0,0,0,NARANJA IMPORT  EN BANDEJA ,
057121,00000000571210,00,0042850,00,000,0,000,000,00000000,0,0,0,MORRONES SURTIDOS X KG S E ,
057122,00000000571227,00,0049950,00,000,0,000,000,00000000,0,0,0,CHILES VERDES X KG S E     ,
057155,00000000571555,00,0121450,00,000,0,000,000,00000000,0,0,0,LOCOTE HABANERO XKG S E    ,
057395,00000000573955,00,0057150,00,000,0,000,000,00000000,0,0,0,LOCOTE PALERMO X KG S E    ,
058231,00000000582315,00,0001650,00,000,0,000,000,00000000,0,0,0,EUCALIPTO MENTOLADO X MAZO ,
058389,00000000583893,00,0047000,00,000,0,000,000,00000000,0,0,0,QUESO MOZZARELLA LOS COLONO,
058891,00000000588911,00,0050000,00,000,0,000,000,00000000,0,0,0,AJI AMARILLO X KG          ,
058892,00000000588928,00,0020550,00,000,0,000,000,00000000,0,0,0,MANDARINA ESPECIAL XKG     ,
059251,00000000592512,00,0005950,00,000,0,000,000,00000000,0,0,0,COMBO FYV EN MALLA X UN    ,
059287,00000000592871,00,0014350,00,000,0,000,000,00000000,0,0,0,MANZANA COLEGIALA EN PAQ X ,
059288,00000000592888,00,0014950,00,000,0,000,000,00000000,0,0,0,MANZANA SUPER EN PAQ  X KG ,
059289,00000000592895,00,0015650,00,000,0,000,000,00000000,0,0,0,MANZANA VERDE EN PAQ  X KG ,
059290,00000000592901,00,0034350,00,000,0,000,000,00000000,0,0,0,MANZANA FUJI EN PAQ  X KG  ,
059291,00000000592918,00,0006700,00,000,0,000,000,00000000,0,0,0,NARANJA EN PAQ X KG        ,
059292,00000000592925,00,0008950,00,000,0,000,000,00000000,0,0,0,LIMON TAHITI EN PAQ X KG   ,
059293,00000000592932,00,0019700,00,000,0,000,000,00000000,0,0,0,LOCOTE VERDE EN PAQ X KG   ,
059294,00000000592949,00,0031350,00,000,0,000,000,00000000,0,0,0,LOCOTE AMARILLO EN PAQ X KG,
059295,00000000592956,00,0029850,00,000,0,000,000,00000000,0,0,0,LOCOTE ROJO EN PAQ X KG    ,
059296,00000000592963,00,0012250,00,000,0,000,000,00000000,0,0,0,PERA EN PAQ X KG           ,
059297,00000000592970,00,0009700,00,000,0,000,000,00000000,0,0,0,BATATA EN PAQ X KG         ,
059298,00000000592987,00,0014950,00,000,0,000,000,00000000,0,0,0,CEBOLLA MORADA EN PAQ X KG ,
059299,00000000592994,00,0010450,00,000,0,000,000,00000000,0,0,0,MANDARINA EN PAQ X KG      ,
059303,00000000593038,00,0011500,00,000,0,000,000,00000000,0,0,0,PAPA BLANCA EN PAQ X KG    ,
059304,00000000593045,00,0010750,00,000,0,000,000,00000000,0,0,0,PEPINO EN PAQ X KG         ,
059305,00000000593052,00,0010450,00,000,0,000,000,00000000,0,0,0,REMOLACHA EN PAQ X KG      ,
059306,00000000593069,00,0014200,00,000,0,000,000,00000000,0,0,0,TOMATE STA CRUZ EN PAQ X KG,
059307,00000000593076,00,0017900,00,000,0,000,000,00000000,0,0,0,TOMATE LISA EN PAQ X KG    ,
059308,00000000593083,00,0011200,00,000,0,000,000,00000000,0,0,0,ZANAHORIA EN PAQ X KG      ,
059309,00000000593090,00,0026850,00,000,0,000,000,00000000,0,0,0,DURAZNO EN PAQ X KG        ,
059310,00000000593106,00,0026850,00,000,0,000,000,00000000,0,0,0,PELON EN PAQ X KG          ,
059320,00000000593205,00,0026850,00,000,0,000,000,00000000,0,0,0,CIRUELA EN PAQ X KG        ,
070942,00000000709420,00,0018400,00,000,0,000,000,00000000,0,0,0,FLOSSERS PARA NIOS CON FLUO,
070942,00000000709421,00,0008300,00,000,0,000,000,00000000,0,0,0,CEPILLO DENTAL C ANTIDESLIZ,
075004,00000000750045,00,0008000,00,000,0,000,000,00000000,0,0,0,JABON LIQUIDO REGULAR PERSI,
075004,00000000750045,00,0015000,00,000,0,000,000,00000000,0,0,0,DETERGENTE P ROPA ALTA HIG ,
075004,00000000750045,00,0012900,00,000,0,000,000,00000000,0,0,0,DETERGENTE EN POLVO ALTA HI,
075011,00000000750119,00,0007900,00,000,0,000,000,00000000,0,0,0,DETERGENTE EN POLVO P ROPAS,
075011,00000000750119,00,0042000,00,000,0,000,000,00000000,0,0,0,DETERGENTE EN POLVO P ROPAS,
075011,00000000750119,00,0042000,00,000,0,000,000,00000000,0,0,0,DETERGENTE EN POLVO P LAVAD,
075011,00000000750119,00,0015000,00,000,0,000,000,00000000,0,0,0,DETERGENTE LIQ P ROPA COLOR,
075011,00000000750119,00,0015000,00,000,0,000,000,00000000,0,0,0,DETERGENTE LIQ P ROPA BLANC,
075011,00000000750119,00,0012900,00,000,0,000,000,00000000,0,0,0,JABON EN POLVO BRISA DE FRE,
076171,00000000761715,00,0019900,00,000,0,000,000,00000000,0,0,0,AROMATIZANTE CLIP LITTLE TR,
076171,00000000761715,00,0019900,00,000,0,000,000,00000000,0,0,0,AROMATIZANTE CLIP LITTLE TR,
076171,00000000761715,00,0019900,00,000,0,000,000,00000000,0,0,0,AROMATIZANTE CLIP LITTLE TR,
076171,00000000761715,00,0019900,00,000,0,000,000,00000000,0,0,0,AROMATIZANTE VENTILA LITTLE,
076171,00000000761715,00,0019900,00,000,0,000,000,00000000,0,0,0,AROMATIZANTE VENTILA LITTLE,
076171,00000000761715,00,0019900,00,000,0,000,000,00000000,0,0,0,AROMATIZANTE VENTILA LITTLE,
076401,00000000764017,00,0120000,00,000,0,000,000,00000000,0,0,0,GIN 750ML BOMBAY SAPPHIRE B,
077020,00000000770203,00,0017400,00,000,0,000,000,00000000,0,0,0,CAFE TRADICIONAL 212GR SELL,
077020,00000000770203,00,0033400,00,000,0,000,000,00000000,0,0,0,CAFE TRADICIONAL 425GR SELL,
077020,00000000770203,00,0026000,00,000,0,000,000,00000000,0,0,0,CAFE TRADICIONAL TOSTADO Y ,
077302,00000000773021,00,0006500,00,000,0,000,000,00000000,0,0,0,PAPEL HIGIENICO HOJA SIMPLE,
077302,00000000773021,00,0022500,00,000,0,000,000,00000000,0,0,0,PAPEL HIGIENICO DOBLE HOJA ,
077302,00000000773021,00,0026550,00,000,0,000,000,00000000,0,0,0,PAPEL HIGIENICO DOBLE HOJA ,
077302,00000000773021,00,0013600,00,000,0,000,000,00000000,0,0,0,PAPEL HIGIENICO ULTRA DOBLE,
077302,00000000773021,00,0009450,00,000,0,000,000,00000000,0,0,0,PA OS MULTIUSOS DOBLE HOJA ,
077302,00000000773021,00,0022000,00,000,0,000,000,00000000,0,0,0,ROLLO DE COCINA DOBLE HOJA ,
077302,00000000773021,00,0004200,00,000,0,000,000,00000000,0,0,0,SERVILLETAS UNA HOJA 50UND ,
077302,00000000773021,00,0006200,00,000,0,000,000,00000000,0,0,0,SERVILLETAS UNA HOJA 50UND ,
077302,00000000773028,00,0022100,00,000,0,000,000,00000000,0,0,0,ESCURRIDORES P M X40CM PULO,
077302,00000000773028,00,0031400,00,000,0,000,000,00000000,0,0,0,ESCOBILLON  PULOIL  DOBLE B,
077303,00000000773030,00,0002000,00,000,0,000,000,00000000,0,0,0,ALFAJOR RELL PAST MANI PUNT,
077900,00000000779003,00,0001500,00,000,0,000,000,00000000,0,0,0,PURE DE TOMATE DE LA HUERTA,
077900,00000000779003,00,0008000,00,000,0,000,000,00000000,0,0,0,EDULCORANTE SI DIET DE MESA,
077900,00000000779003,00,0013600,00,000,0,000,000,00000000,0,0,0,EDULCORANTE  SI DIET  600ML,
077900,00000000779003,00,0004100,00,000,0,000,000,00000000,0,0,0,PURE DE TOMATE DE LA HUERTA,
077900,00000000779003,00,0006900,00,000,0,000,000,00000000,0,0,0,EDULCORANTE DE MESA SI DIET,
077900,00000000779004,00,0013050,00,000,0,000,000,00000000,0,0,0,CEREAL COPOS DE MAIZ AZUCAR,
077900,00000000779007,00,0020900,00,000,0,000,000,00000000,0,0,0, OQUIS DE PAPA LA SALTE A 9,
077900,00000000779007,00,0008350,00,000,0,000,000,00000000,0,0,0, OQUIS DE PAPA LA SALTE A 3,
077901,00000000779015,00,0005800,00,000,0,000,000,00000000,0,0,0,CHOCOLATE EN POLVO 180GR CH,
077901,00000000779015,00,0011700,00,000,0,000,000,00000000,0,0,0,CHOCOLATE EN POLVO 360GR CH,
077901,00000000779015,00,0023900,00,000,0,000,000,00000000,0,0,0,CHOCOLATE CHOCOLINO 800GR L,
077905,00000000779057,00,0092000,00,000,0,000,000,00000000,0,0,0,VINO  RUTINI  CABERNET MALB,
077905,00000000779057,00,0087000,00,000,0,000,000,00000000,0,0,0,VINO RUTINI SAUVIGNON BLAN ,
077905,00000000779057,00,0055000,00,000,0,000,000,00000000,0,0,0,VINO C SAUV  TRUMPETER BOT ,
077905,00000000779057,00,0055000,00,000,0,000,000,00000000,0,0,0,VINO MALBEC TRUMPETER BOT 7,
077905,00000000779057,00,0055000,00,000,0,000,000,00000000,0,0,0,VINO CHARD  TRUMPETER BOT 7,
077907,00000000779070,00,0017900,00,000,0,000,000,00000000,0,0,0,VINO TINTO LACRADO 750ML DO,
077907,00000000779070,00,0059900,00,000,0,000,000,00000000,0,0,0,VINO CABERNET SAUVIGNON 750,
077907,00000000779070,00,0059900,00,000,0,000,000,00000000,0,0,0,VINO TINTO MALBEC FAMIGLIA ,
077907,00000000779077,00,0021500,00,000,0,000,000,00000000,0,0,0,TOALLITA HUMEDA P ADULTO 40,
077907,00000000779077,00,0009900,00,000,0,000,000,00000000,0,0,0,TOALLITAS HUMEDAS ANTIBACTE,
077909,00000000779099,00,0009900,00,000,0,000,000,00000000,0,0,0,SUAVIZANTE P ROPA BOUQUET D,
077909,00000000779099,00,0009900,00,000,0,000,000,00000000,0,0,0,SUAVIZANTE PARA ROPA JARDIN,
077909,00000000779099,00,0012500,00,000,0,000,000,00000000,0,0,0,DETERGENTE LIQ P ROPA 3D C ,
077909,00000000779099,00,0021700,00,000,0,000,000,00000000,0,0,0,DETERGENTE LIQ P ROPA 3D C ,
077909,00000000779099,00,0044500,00,000,0,000,000,00000000,0,0,0,DETERGENTE LIQ P ROPA 3D C ,
077909,00000000779099,00,0041900,00,000,0,000,000,00000000,0,0,0,DETERGENTE LIQ  P ROPA 3D C,
077909,00000000779099,00,0005600,00,000,0,000,000,00000000,0,0,0,DETERGENTE E POLVO MATIC BA,
077909,00000000779099,00,0011000,00,000,0,000,000,00000000,0,0,0,DETERGENTE E POLVO MATIC BA,
077909,00000000779099,00,0005600,00,000,0,000,000,00000000,0,0,0,JABON E POLVO C SUAVIZANTE ,
077909,00000000779099,00,0011000,00,000,0,000,000,00000000,0,0,0,JABON E POLVO C SUAVIZANTE ,
077909,00000000779099,00,0037000,00,000,0,000,000,00000000,0,0,0,JABON EN POLVO C SUAVIZANTE,
077909,00000000779099,00,0011000,00,000,0,000,000,00000000,0,0,0,DETERGENTE E POLVO C SUAVIZ,
077909,00000000779099,00,0037000,00,000,0,000,000,00000000,0,0,0,DETERGENTE E POLVO MATIC C ,
077912,00000000779120,00,0081000,00,000,0,000,000,00000000,0,0,0,VINO FINO SAUVIGNON LUIS BO,
077912,00000000779120,00,0045000,00,000,0,000,000,00000000,0,0,0,FINCA LA LINDA MALBEC 12x75,
077912,00000000779120,00,0045000,00,000,0,000,000,00000000,0,0,0,VINO FINO CHARDONAY FINCA L,
077912,00000000779120,00,0045000,00,000,0,000,000,00000000,0,0,0,VINO FINCA LA LINDA ROSE 75,
077912,00000000779120,00,0045000,00,000,0,000,000,00000000,0,0,0,VINO  FINCA LA LINDA  CAB S,
077912,00000000779120,00,0081000,00,000,0,000,000,00000000,0,0,0,LUIGI BOSCA MALBEC 12x75   ,
077912,00000000779120,00,0081000,00,000,0,000,000,00000000,0,0,0,VINO LUIGI BOSCA CAB SAU BO,
077912,00000000779120,00,0045000,00,000,0,000,000,00000000,0,0,0,VINO BLANCO TORRONTES 750ML,
077912,00000000779127,00,0038100,00,000,0,000,000,00000000,0,0,0,ACEITE BRONCEADOR FPS 6 250,
077912,00000000779127,00,0013800,00,000,0,000,000,00000000,0,0,0,GEL POST SOLAR  ALOE VERA 2,
077912,00000000779127,00,0023400,00,000,0,000,000,00000000,0,0,0,PROTECTOR SOLAR FPS 15 130M,
077912,00000000779127,00,0025500,00,000,0,000,000,00000000,0,0,0,PROTECTOR SOLAR FPS 30 130M,
077912,00000000779127,00,0033000,00,000,0,000,000,00000000,0,0,0,PROTECTOR SOLAR FPS 45 130M,
077912,00000000779127,00,0028800,00,000,0,000,000,00000000,0,0,0,PROTECTOR SOLAR FPS 15 200M,
077912,00000000779127,00,0033900,00,000,0,000,000,00000000,0,0,0,PROTECTOR SOLAR FPS 30 200M,
077912,00000000779127,00,0045600,00,000,0,000,000,00000000,0,0,0,PROTECTOR SOLAR FPS 45 200M,
077912,00000000779127,00,0017950,00,000,0,000,000,00000000,0,0,0,GEL POST SOLAR C ALOE VERA ,
077912,00000000779127,00,0026700,00,000,0,000,000,00000000,0,0,0,LOCION BRONCEADORA FPS 8 20,
077912,00000000779127,00,0035400,00,000,0,000,000,00000000,0,0,0,PROTECTOR SOLAR SPRAY BRONZ,
077912,00000000779127,00,0033300,00,000,0,000,000,00000000,0,0,0,LOCION BRONCEADORA FPS 15 2,
077912,00000000779127,00,0039000,00,000,0,000,000,00000000,0,0,0,PROTECTOR SOLAR SPRAY BRONZ,
077912,00000000779127,00,0040100,00,000,0,000,000,00000000,0,0,0,LOCION BRONCEADORA FPS 30 2,
077912,00000000779127,00,0049200,00,000,0,000,000,00000000,0,0,0,PROTECTOR SOLAR SPRAY BRONZ,
077912,00000000779127,00,0027600,00,000,0,000,000,00000000,0,0,0,ACEITE BRONC COCOA EP 250 M,
077912,00000000779127,00,0017950,00,000,0,000,000,00000000,0,0,0,GEL POST SOLAR C ALANTOINA ,
077912,00000000779127,00,0025200,00,000,0,000,000,00000000,0,0,0,GEL POST SOLAR EP 440 ML   ,
077912,00000000779127,00,0039000,00,000,0,000,000,00000000,0,0,0,LOCION PROTECT SOLAR FPS 50,
077912,00000000779129,00,0021000,00,000,0,000,000,00000000,0,0,0,SHAMPOO DOVE THERAPY X 400 ,
077918,00000000779182,00,0022000,00,000,0,000,000,00000000,0,0,0,MANTELES INDIVIDUALES FELPI,
077948,00000000779487,00,0022000,00,000,0,000,000,00000000,0,0,0,ACEITE DE GIRASOL 15 ML ALS,
077948,00000000779487,00,0014900,00,000,0,000,000,00000000,0,0,0,ACEITE DE GIRASOL ALSAMAR P,
077954,00000000779547,00,0027250,00,000,0,000,000,00000000,0,0,0,SHAMPOO REMOVEDOR DE PIOJOS,
077954,00000000779547,00,0027250,00,000,0,000,000,00000000,0,0,0,ACONDICIONADOR REMOVEDOR DE,
077954,00000000779547,00,0032900,00,000,0,000,000,00000000,0,0,0,LOCION REMOVEDOR DE PIOJOS ,
077981,00000000779811,00,0048000,00,000,0,000,000,00000000,0,0,0,RABOLINI LINEA ROSA FCO 200,
077981,00000000779811,00,0057000,00,000,0,000,000,00000000,0,0,0,BODY SPLASH KARINA RABOLINI,
077981,00000000779811,00,0057000,00,000,0,000,000,00000000,0,0,0,BODY SPLASH KARINA RABOLINI,
077981,00000000779811,00,0057000,00,000,0,000,000,00000000,0,0,0,BODY SPLASH KARINA RABOLINI,
077981,00000000779811,00,0057000,00,000,0,000,000,00000000,0,0,0,BODY SPLASH KARINA RABOLINI,
077981,00000000779811,00,0057000,00,000,0,000,000,00000000,0,0,0,BODY SPLASH KARINA RABOLINI,
077981,00000000779811,00,0042000,00,000,0,000,000,00000000,0,0,0,CREMA KR BODY MILK HIDRATAN,
077981,00000000779811,00,0042000,00,000,0,000,000,00000000,0,0,0,CREMA KR BODY MILK LECHE CO,
077981,00000000779811,00,0042000,00,000,0,000,000,00000000,0,0,0,CREMA KR BODY MILK REGENERA,
077981,00000000779811,00,0042000,00,000,0,000,000,00000000,0,0,0,CREMA KR BODY MILK NUTRITIV,
077981,00000000779811,00,0042000,00,000,0,000,000,00000000,0,0,0,CREMA KR BODY MILK REAFIRMA,
077981,00000000779811,00,0048000,00,000,0,000,000,00000000,0,0,0,LOCION  KARINA RABOLINI  HI,
077981,00000000779811,00,0035000,00,000,0,000,000,00000000,0,0,0,CREMA P MANOS Y U AS KARINA,
077981,00000000779811,00,0042000,00,000,0,000,000,00000000,0,0,0,GEL EXFOLIANTE KARINA RABOL,
077981,00000000779811,00,0042000,00,000,0,000,000,00000000,0,0,0,BODY MILK KARINA R EFEC LUM,
077981,00000000779811,00,0035000,00,000,0,000,000,00000000,0,0,0,CREMA REPARADORA X150KR    ,
077981,00000000779811,00,0035000,00,000,0,000,000,00000000,0,0,0,CREMA P MANOS REGENERATIVA ,
077981,00000000779811,00,0035000,00,000,0,000,000,00000000,0,0,0,CREMA P MANOS NUTRITIVA X15,
077981,00000000779811,00,0035000,00,000,0,000,000,00000000,0,0,0,CREMA P MANOS REJUVENECEDOR,
077981,00000000779811,00,0059000,00,000,0,000,000,00000000,0,0,0,ACEITE CORPOR ALMENDRAS 200,
077981,00000000779815,00,0057000,00,000,0,000,000,00000000,0,0,0,BODY SPLASH KARINA RABOLINI,
077981,00000000779816,00,0042000,00,000,0,000,000,00000000,0,0,0,CREMA P PIERNAS TENSORAS 30,
077983,00000000779834,00,0017500,00,000,0,000,000,00000000,0,0,0,BOLSITAS DISNEY PRINCESA 10,
077983,00000000779834,00,0010200,00,000,0,000,000,00000000,0,0,0,TARJETAS DE INVITACION DISN,
077983,00000000779834,00,0042500,00,000,0,000,000,00000000,0,0,0,MANTEL DISNEY PRINCESA     ,
077983,00000000779834,00,0021600,00,000,0,000,000,00000000,0,0,0,VASOS DE COTILLON DISNEY PR,
077983,00000000779834,00,0026500,00,000,0,000,000,00000000,0,0,0,PLATOS DISNEY PRINCESA 10UN,
078036,00000000780360,00,0007650,00,000,0,000,000,00000000,0,0,0,SAL FINA YODADA DE SELECCIO,
078036,00000000780360,00,0010450,00,000,0,000,000,00000000,0,0,0,SAL FINA YODADA DE SELECCIO,
078043,00000000780430,00,0022500,00,000,0,000,000,00000000,0,0,0,VINO ROSADO SANTA HELENA BO,
078043,00000000780430,00,0022500,00,000,0,000,000,00000000,0,0,0,VINO BLANCO SANTA HELENA BO,
078043,00000000780430,00,0022500,00,000,0,000,000,00000000,0,0,0,VINO TINTO SANTA HELENA BOT,
078043,00000000780430,00,0042500,00,000,0,000,000,00000000,0,0,0,VINO ROSADO SANTA HELENA BO,
078043,00000000780430,00,0042500,00,000,0,000,000,00000000,0,0,0,VINOS SANTA HELENA BOT 1 5 ,
078043,00000000780430,00,0021500,00,000,0,000,000,00000000,0,0,0,VINO TINTO DULCE 750 ML SAN,
078043,00000000780430,00,0041500,00,000,0,000,000,00000000,0,0,0,VINO TINTO DULCE 1 5LT SANT,
078043,00000000780430,00,0019900,00,000,0,000,000,00000000,0,0,0,VINO TINTO FUSION DULCE VIB,
078043,00000000780430,00,0019900,00,000,0,000,000,00000000,0,0,0,VINO TINTO FUSION NARANJA V,
078043,00000000780430,00,0019900,00,000,0,000,000,00000000,0,0,0,VINO BLANCO FUS  MENTA LIMO,
078043,00000000780430,00,0038500,00,000,0,000,000,00000000,0,0,0,VINO TINTO FUSION DULCE VIB,
078098,00000000780981,00,0005500,00,000,0,000,000,00000000,0,0,0,SAL FINA YODADA DE SELECCIO,
078400,00000000784000,00,0005150,00,000,0,000,000,00000000,0,0,0,LECHE ENTERA TREBOL ULTRA S,
078400,00000000784000,00,0004850,00,000,0,000,000,00000000,0,0,0,LECHE DESCREMADA TREBOL ULT,
078400,00000000784000,00,0005700,00,000,0,000,000,00000000,0,0,0,LECHE PARMALAT BRK 1 LT  PA,
078400,00000000784000,00,0005300,00,000,0,000,000,00000000,0,0,0,LECHE DESCREMADA  PARMALAT ,
078400,00000000784000,00,0001600,00,000,0,000,000,00000000,0,0,0,GELATINA UVA X 125GR KIDS U,
078400,00000000784000,00,0001600,00,000,0,000,000,00000000,0,0,0,GELATINA FRUTILLA X 125GR K,
078400,00000000784000,00,0001600,00,000,0,000,000,00000000,0,0,0,GELATINA NARANJA X 125GR KI,
078400,00000000784000,00,0003200,00,000,0,000,000,00000000,0,0,0,YOGURTH 350GR VAINILLA PARM,
078400,00000000784000,00,0002850,00,000,0,000,000,00000000,0,0,0,BEBIDA LACTEA SAN LOREN SCH,
078400,00000000784000,00,0001600,00,000,0,000,000,00000000,0,0,0,GELATINA TUTTI FRUTTI  X 12,
078400,00000000784000,00,0003200,00,000,0,000,000,00000000,0,0,0,YOGHURT ENTERO FRUTILLA 350,
078400,00000000784000,00,0005400,00,000,0,000,000,00000000,0,0,0,CREMA D LECHE UAT 200GR PAR,
078400,00000000784000,00,0003200,00,000,0,000,000,00000000,0,0,0,YOGHURT ENTERO VAINILLA 350,
078400,00000000784000,00,0003200,00,000,0,000,000,00000000,0,0,0,YOGURT DIET FRUTILLA 350GR ,
078400,00000000784000,00,0005700,00,000,0,000,000,00000000,0,0,0,CREMA D LECHE LIGHT 200ML P,
078400,00000000784000,00,0000950,00,000,0,000,000,00000000,0,0,0,BEBIDA LACTEA SAB FRUTILLA ,
078400,00000000784000,00,0000950,00,000,0,000,000,00000000,0,0,0,BEBIDA LACTEA SAB VAINILLA ,
078400,00000000784000,00,0004500,00,000,0,000,000,00000000,0,0,0,BEBIDA LACT SABOR FRUT SAN ,
078400,00000000784000,00,0004500,00,000,0,000,000,00000000,0,0,0,BEBIDA LACT SABOR VAINI SAN,
078400,00000000784000,00,0008400,00,000,0,000,000,00000000,0,0,0,YERBA MATE MENTA Y BOLDO 50,
078400,00000000784001,00,0003350,00,000,0,000,000,00000000,0,0,0,LANA DE ACERO PULOIL PAQ 8 ,
078400,00000000784001,00,0003350,00,000,0,000,000,00000000,0,0,0,LANA DE ACERO PULOIL ROLLIT,
078400,00000000784001,00,0009500,00,000,0,000,000,00000000,0,0,0,GUANTE PULOIL PEQUE O   S  ,
078400,00000000784001,00,0009500,00,000,0,000,000,00000000,0,0,0,GUANTE PULOIL GRANDE  L    ,
078400,00000000784001,00,0009500,00,000,0,000,000,00000000,0,0,0,GUANTE PULOIL MEDIANO  M   ,
078400,00000000784001,00,0008400,00,000,0,000,000,00000000,0,0,0,TRAPO D PISO SUPER PREMIUM ,
078400,00000000784001,00,0005000,00,000,0,000,000,00000000,0,0,0,TRAPO D PISO RENDIDOR 45X60,
078400,00000000784001,00,0001850,00,000,0,000,000,00000000,0,0,0,SERVILLETAS LUNCH 24X22CM 5,
078400,00000000784001,00,0003250,00,000,0,000,000,00000000,0,0,0,SERVILLETAS LUNCH 24X22CM 1,
078400,00000000784001,00,0007000,00,000,0,000,000,00000000,0,0,0,DESODORANTE P PISOS CONC CA,
078400,00000000784001,00,0002350,00,000,0,000,000,00000000,0,0,0,LANA D ACERO 6UN PULOIL PAQ,
078400,00000000784001,00,0007000,00,000,0,000,000,00000000,0,0,0,DESODORANTE P PISOS CONC EX,
078400,00000000784001,00,0013600,00,000,0,000,000,00000000,0,0,0,DESODORANTE P PISOS CONC CA,
078400,00000000784001,00,0009500,00,000,0,000,000,00000000,0,0,0,LIMPIADOR DESINFECTANTE MUL,
078400,00000000784001,00,0002950,00,000,0,000,000,00000000,0,0,0,JABON DE COCO PURO NATU COC,
078400,00000000784001,00,0005150,00,000,0,000,000,00000000,0,0,0,JABON DE COCO PURO NATU COC,
078400,00000000784001,00,0009800,00,000,0,000,000,00000000,0,0,0,JABON DE COCO PURO NATU COC,
078400,00000000784002,00,0004050,00,000,0,000,000,00000000,0,0,0,FIDEOS TIRABZON MIX VEGETAL,
078400,00000000784002,00,0004050,00,000,0,000,000,00000000,0,0,0,FIDEOS TIRABUZON ESPINACA F,
078400,00000000784002,00,0008500,00,000,0,000,000,00000000,0,0,0,GASEOSA PEPSI COLA DESCARTA,
078400,00000000784002,00,0008500,00,000,0,000,000,00000000,0,0,0,GASEOSA MIRINDA GUARANA DES,
078400,00000000784002,00,0007000,00,000,0,000,000,00000000,0,0,0,GASEOSA PEPSI SABOR COLA 1 ,
078400,00000000784002,00,0007000,00,000,0,000,000,00000000,0,0,0,GASEOSA MIRINDA GUARANA 1 5,
078400,00000000784002,00,0010500,00,000,0,000,000,00000000,0,0,0,GASEOSA DESC COLA 3LT PEPSI,
078400,00000000784002,00,0010500,00,000,0,000,000,00000000,0,0,0,GASEOSA DESC GUARANA 3LT MI,
078400,00000000784002,00,0010500,00,000,0,000,000,00000000,0,0,0,GASEOSA DESC NARANJA 3LT MI,
078400,00000000784002,00,0010500,00,000,0,000,000,00000000,0,0,0,GASEOSA DESC POMELO 3LT PAS,
078400,00000000784002,00,0005000,00,000,0,000,000,00000000,0,0,0,GASEOSA DESCARTABLE SPLIT N,
078400,00000000784002,00,0005000,00,000,0,000,000,00000000,0,0,0,GASEOSA DESCARTABLE SPLIT P,
078400,00000000784002,00,0005000,00,000,0,000,000,00000000,0,0,0,GASEOSA DESCARTABLE SPLIT P,
078400,00000000784002,00,0005000,00,000,0,000,000,00000000,0,0,0,GASEOSA DESCARTABLE SPLIT L,
078400,00000000784002,00,0018500,00,000,0,000,000,00000000,0,0,0,CA A ETIQUETA NEGRA 750 ML ,
078400,00000000784002,00,0013900,00,000,0,000,000,00000000,0,0,0,CA A ETIQUETA NEGRA 500ML O,
078400,00000000784002,00,0008000,00,000,0,000,000,00000000,0,0,0,GASEOSA COLA SIN AZUCAR 2LT,
078400,00000000784002,00,0008000,00,000,0,000,000,00000000,0,0,0,GASEOSA LIMA LIMON SIN AZUC,
078400,00000000784002,00,0008900,00,000,0,000,000,00000000,0,0,0,LECHE CONDENSADA NORTE 395g,
078400,00000000784002,00,0006800,00,000,0,000,000,00000000,0,0,0,ATUN NORTE GRATED EN ACEITE,
078400,00000000784002,00,0006800,00,000,0,000,000,00000000,0,0,0,ATUN NORTE AL AGUA LATA 170,
078400,00000000784002,00,0003050,00,000,0,000,000,00000000,0,0,0,ARVEJA  NORTE  200GR       ,
078400,00000000784002,00,0004500,00,000,0,000,000,00000000,0,0,0,CHOCOLATE EN POLVO CHOCORAP,
078400,00000000784002,00,0009900,00,000,0,000,000,00000000,0,0,0,CHOCOLATE EM PO CHOCORAP 40,
078400,00000000784002,00,0015900,00,000,0,000,000,00000000,0,0,0,CA A  OLD TRADI  ETIQ NEGRA,
078400,00000000784002,00,0011900,00,000,0,000,000,00000000,0,0,0,CA A  OLD TRADI  ETIQUETA N,
078400,00000000784002,00,0009900,00,000,0,000,000,00000000,0,0,0,ATUN CON PICANTE 150G NORTE,
078400,00000000784002,00,0009900,00,000,0,000,000,00000000,0,0,0,ATUN EN SALSA DE TOMATE 150,
078400,00000000784002,00,0005550,00,000,0,000,000,00000000,0,0,0,ATUN GRATED LILI AL AGUA 14,
078400,00000000784002,00,0005550,00,000,0,000,000,00000000,0,0,0,ATUN GRATED LILI AL ACEITE ,
078400,00000000784002,00,0007950,00,000,0,000,000,00000000,0,0,0,LECHE CONDENSADA 395GR NORT,
078400,00000000784002,00,0014900,00,000,0,000,000,00000000,0,0,0,CAPPUCCINO MOCCA BELEN 108G,
078400,00000000784002,00,0014900,00,000,0,000,000,00000000,0,0,0,CAFE BELEN CAPPUCCINO CLASI,
078400,00000000784002,00,0005450,00,000,0,000,000,00000000,0,0,0,FIDEOS TIRABUZON INTEGRAL A,
078400,00000000784002,00,0005450,00,000,0,000,000,00000000,0,0,0,FIDEOS SPAGUETTI INTEGRAL A,
078400,00000000784002,00,0005450,00,000,0,000,000,00000000,0,0,0,FIDEOS MOSTACHOLI INTEGRAL ,
078400,00000000784003,00,0005500,00,000,0,000,000,00000000,0,0,0,LECHE LARGA VIDA COLONOS EN,
078400,00000000784003,00,0005500,00,000,0,000,000,00000000,0,0,0,LECHE LARGA VIDA DESCREMADA,
078400,00000000784003,00,0005450,00,000,0,000,000,00000000,0,0,0,BEBIDA FERMENTADA VAINILLA ,
078400,00000000784003,00,0005450,00,000,0,000,000,00000000,0,0,0,BEBIDA FERMENTADA DE FRUTIL,
078400,00000000784003,00,0005450,00,000,0,000,000,00000000,0,0,0,YOGHURT BEBIDA LACTEA SABOR,
078400,00000000784003,00,0005450,00,000,0,000,000,00000000,0,0,0,BEBIDA LACTEA LOS COLONOS S,
078400,00000000784004,00,0004500,00,000,0,000,000,00000000,0,0,0,LECHE  LACTOLANDA SCH 1 LT ,
078400,00000000784004,00,0006000,00,000,0,000,000,00000000,0,0,0,LECHE LIQUIDA LACTOLANDA L ,
078400,00000000784004,00,0006000,00,000,0,000,000,00000000,0,0,0,LECHE LIQUIDA LACTOLANDA L ,
078400,00000000784004,00,0004450,00,000,0,000,000,00000000,0,0,0,BEBIDA LACTEA SOM BERG UAT ,
078400,00000000784004,00,0003350,00,000,0,000,000,00000000,0,0,0,LECHE LACTOLANDA BRK 1 2 LT,
078400,00000000784004,00,0002450,00,000,0,000,000,00000000,0,0,0,BEBIDA LACTEA SOM BERG X 50,
078400,00000000784004,00,0004650,00,000,0,000,000,00000000,0,0,0,LECHE  LACTOLANDA SCH 1 LT ,
078400,00000000784004,00,0002950,00,000,0,000,000,00000000,0,0,0,BEBIDA LACTEA SOMBERG SCH 1,
078400,00000000784004,00,0006000,00,000,0,000,000,00000000,0,0,0,LECHE SEMI DESCREMADA LACTO,
078400,00000000784004,00,0002450,00,000,0,000,000,00000000,0,0,0,YOGHURT ENTERO CON PULPA DE,
078400,00000000784004,00,0002450,00,000,0,000,000,00000000,0,0,0,LACTOMIX PULPA FRUTOS ROJOS,
078400,00000000784004,00,0002450,00,000,0,000,000,00000000,0,0,0,LACTOMIX PULPA DURAZNO 120 ,
078400,00000000784004,00,0002450,00,000,0,000,000,00000000,0,0,0,LACTOMIX PULPA MBURUCUYA 12,
078400,00000000784004,00,0008500,00,000,0,000,000,00000000,0,0,0,LECHE  CHOCOLATADA LACTOLAN,
078400,00000000784004,00,0002300,00,000,0,000,000,00000000,0,0,0,BEBIDA LACTEA CHOCOLANDA UA,
078400,00000000784004,00,0004450,00,000,0,000,000,00000000,0,0,0,LECHE CHOCOLATADA LACTOLAND,
078400,00000000784004,00,0002650,00,000,0,000,000,00000000,0,0,0,POSTRE SABOR CHOCOLATE PUDD,
078400,00000000784004,00,0002650,00,000,0,000,000,00000000,0,0,0,POSTRE 120GR SABOR VAINILLA,
078400,00000000784004,00,0002650,00,000,0,000,000,00000000,0,0,0,POSTRE 120GR SABOR DULCE DE,
078400,00000000784004,00,0001900,00,000,0,000,000,00000000,0,0,0,YOGHURT POT 140 GR FRUTTIGH,
078400,00000000784004,00,0003700,00,000,0,000,000,00000000,0,0,0,YOGHURT  LACTOLANDA POT 350,
078400,00000000784004,00,0001900,00,000,0,000,000,00000000,0,0,0,YOGHURT LACTOLANDA POT 140 ,
078400,00000000784004,00,0002700,00,000,0,000,000,00000000,0,0,0,YOGHURT LACTOLANDA POT 350 ,
078400,00000000784004,00,0009450,00,000,0,000,000,00000000,0,0,0,YOGHURT VITAL LIGHT REX 900,
078400,00000000784004,00,0001400,00,000,0,000,000,00000000,0,0,0,YOGULAC BEBIDA LACTEA DE 14,
078400,00000000784004,00,0002950,00,000,0,000,000,00000000,0,0,0,BEBIDA LACTEA YOGULAC POT 3,
078400,00000000784004,00,0005750,00,000,0,000,000,00000000,0,0,0,BEBIDA LACTEA YOGULAC 1 LT ,
078400,00000000784004,00,0003050,00,000,0,000,000,00000000,0,0,0,BEBIDA LACTEA YOGULAC SCH X,
078400,00000000784004,00,0006700,00,000,0,000,000,00000000,0,0,0,FRUTTIGURT ENTERO 1 L FRUTI,
078400,00000000784004,00,0003700,00,000,0,000,000,00000000,0,0,0,FRUTTIGURT ENTERO 500 ML FR,
078400,00000000784004,00,0009650,00,000,0,000,000,00000000,0,0,0,YOGHURT DESC FRUTILLA 900GR,
078400,00000000784004,00,0002750,00,000,0,000,000,00000000,0,0,0,YOGHURT DESC FRUTILLA 180GR,
078400,00000000784004,00,0001900,00,000,0,000,000,00000000,0,0,0,YOGHURT POT 140 GR FRUTTIGH,
078400,00000000784004,00,0003700,00,000,0,000,000,00000000,0,0,0,YOGHURT  LACTOLANDA POT 350,
078400,00000000784004,00,0001900,00,000,0,000,000,00000000,0,0,0,YOGHURT LACTOLANDA POT 140 ,
078400,00000000784004,00,0002700,00,000,0,000,000,00000000,0,0,0,YOGHURT LACTOLANDA POT 350 ,
078400,00000000784004,00,0009450,00,000,0,000,000,00000000,0,0,0,YOGHURT VITAL LIGHT REX 900,
078400,00000000784004,00,0001400,00,000,0,000,000,00000000,0,0,0,YOGULAC BEBIDA LACTEA DE 14,
078400,00000000784004,00,0002950,00,000,0,000,000,00000000,0,0,0,BEBIDA LACTEA YOGULAC POT 3,
078400,00000000784004,00,0005750,00,000,0,000,000,00000000,0,0,0,BEBIDA LACTEA YOGULAC SCH X,
078400,00000000784004,00,0003050,00,000,0,000,000,00000000,0,0,0,BEBIDA LACTEA YOGULAC SCH X,
078400,00000000784004,00,0006700,00,000,0,000,000,00000000,0,0,0,FRUTTIGURT ENTERO 1 L VAINI,
078400,00000000784004,00,0003700,00,000,0,000,000,00000000,0,0,0,FRUTTIGURT ENTERO 500 ML VA,
078400,00000000784004,00,0002750,00,000,0,000,000,00000000,0,0,0,FLAN  LACTOLANDA  VAINILLA ,
078400,00000000784004,00,0009650,00,000,0,000,000,00000000,0,0,0,YOGHURT DESC VAINILLA 900GR,
078400,00000000784004,00,0002750,00,000,0,000,000,00000000,0,0,0,YOGHURT DESC VAINILLA 180GR,
078400,00000000784004,00,0001900,00,000,0,000,000,00000000,0,0,0,YOGHURT POT 140 GR FRUTTIGH,
078400,00000000784004,00,0003700,00,000,0,000,000,00000000,0,0,0,YOGHURT  LACTOLANDA POT 350,
078400,00000000784004,00,0001900,00,000,0,000,000,00000000,0,0,0,YOGHURT LACTOLANDA POT 140 ,
078400,00000000784004,00,0002700,00,000,0,000,000,00000000,0,0,0,YOGHURT LACTOLANDA POT 350 ,
078400,00000000784004,00,0009450,00,000,0,000,000,00000000,0,0,0,YOGHURT VITAL LIGHT REX 900,
078400,00000000784004,00,0001400,00,000,0,000,000,00000000,0,0,0,YOGULAC BEBIDA LACTEA DE 14,
078400,00000000784004,00,0002950,00,000,0,000,000,00000000,0,0,0,BEBIDA LACTEA YOGULAC POT 3,
078400,00000000784004,00,0005750,00,000,0,000,000,00000000,0,0,0,BEBIDA LACTEA YOGULAC X1LT ,
078400,00000000784004,00,0003050,00,000,0,000,000,00000000,0,0,0,BEBIDA LACTEA YOGULAC SCH X,
078400,00000000784004,00,0006700,00,000,0,000,000,00000000,0,0,0,FRUTTIGURT ENTERO 1 LT COCO,
078400,00000000784004,00,0003700,00,000,0,000,000,00000000,0,0,0,FRUTTIGURT ENTERO 500 ML CO,
078400,00000000784004,00,0009650,00,000,0,000,000,00000000,0,0,0,YOGHURT DESC COCO 900GR LAC,
078400,00000000784004,00,0002750,00,000,0,000,000,00000000,0,0,0,YOGHURT DESC COCO 180GR LAC,
078400,00000000784004,00,0001900,00,000,0,000,000,00000000,0,0,0,YOGHURT POT 140 GR FRUTTIGH,
078400,00000000784004,00,0003700,00,000,0,000,000,00000000,0,0,0,YOGHURT  LACTOLANDA POT 350,
078400,00000000784004,00,0001900,00,000,0,000,000,00000000,0,0,0,YOGHURT LACTOLANDA POT 140 ,
078400,00000000784004,00,0002700,00,000,0,000,000,00000000,0,0,0,YOGHURT LACTOLANDA POT 350 ,
078400,00000000784004,00,0009450,00,000,0,000,000,00000000,0,0,0,YOGHURT VITAL LIGHT REX 900,
078400,00000000784004,00,0001400,00,000,0,000,000,00000000,0,0,0,YOGULAC BEBIDA LACTEA DE 14,
078400,00000000784004,00,0002950,00,000,0,000,000,00000000,0,0,0,BEBIDA LACTEA YOGULAC POT 3,
078400,00000000784004,00,0005750,00,000,0,000,000,00000000,0,0,0,BEBIDA LACTEA YOGULAC SCH X,
078400,00000000784004,00,0003050,00,000,0,000,000,00000000,0,0,0,BEBIDA LACTEA YOGULAC SCH X,
078400,00000000784004,00,0006700,00,000,0,000,000,00000000,0,0,0,FRUTTIGURT ENTERO 1 LT DURA,
078400,00000000784004,00,0003700,00,000,0,000,000,00000000,0,0,0,FRUTTIGURT ENTERO 500 ML DU,
078400,00000000784004,00,0001900,00,000,0,000,000,00000000,0,0,0,YOGHURT  LACTOLANDA POT 140,
078400,00000000784004,00,0003700,00,000,0,000,000,00000000,0,0,0,YOGHURT  LACTOLANDA POT 350,
078400,00000000784004,00,0006700,00,000,0,000,000,00000000,0,0,0,FRUTTIGURT ENTERO 1 LT BANA,
078400,00000000784004,00,0003700,00,000,0,000,000,00000000,0,0,0,FRUTTIGURT ENTERO 500 ML BA,
078400,00000000784004,00,0009650,00,000,0,000,000,00000000,0,0,0,YOGHURT DESC CIRUELA 900GR ,
078400,00000000784004,00,0002750,00,000,0,000,000,00000000,0,0,0,YOGHURT DESC CIRUELA 180GR ,
078400,00000000784004,00,0009650,00,000,0,000,000,00000000,0,0,0,YOGHURT DESC MANZ KIWI 900G,
078400,00000000784004,00,0002750,00,000,0,000,000,00000000,0,0,0,YOGHURT DESC  MANZ KIWI 180,
078400,00000000784004,00,0001400,00,000,0,000,000,00000000,0,0,0,BEBIDA LACTEA CITRUS 140GR ,
078400,00000000784004,00,0002950,00,000,0,000,000,00000000,0,0,0,BEBIDA LACTEA CITRUS 350GR ,
078400,00000000784004,00,0005750,00,000,0,000,000,00000000,0,0,0,BEBIDA LACTEA CITRUS 1LT YO,
078400,00000000784004,00,0003050,00,000,0,000,000,00000000,0,0,0,BEBIDA LACTEA CITRUS 500ML ,
078400,00000000784008,00,0021350,00,000,0,000,000,00000000,0,0,0,HAMBURGUESA D CARNE 16UND H,
078400,00000000784008,00,0006950,00,000,0,000,000,00000000,0,0,0,HAMBURGUESA D CARNE 4UND HE,
078400,00000000784008,00,0006050,00,000,0,000,000,00000000,0,0,0,HAMBURGUESA CARNE HETEREI X,
078400,00000000784008,00,0020450,00,000,0,000,000,00000000,0,0,0,HAMBURGUESA CARNE HETEREI X,
078400,00000000784008,00,0078250,00,000,0,000,000,00000000,0,0,0,HAMBURGUESA DE CARNE 60UN H,
078401,00000000784014,00,0007850,00,000,0,000,000,00000000,0,0,0,MASA P LASAG A QUIERO MAS B,
078401,00000000784014,00,0012200,00,000,0,000,000,00000000,0,0,0, OQUIS D PAPA 1KG QUIERO MA,
078401,00000000784014,00,0016300,00,000,0,000,000,00000000,0,0,0, OQUIS RELLENO CON CHEDDAR ,
078401,00000000784014,00,0016300,00,000,0,000,000,00000000,0,0,0, OQUIS RELL PANC AHUM CEB Q,
078401,00000000784014,00,0016300,00,000,0,000,000,00000000,0,0,0, OQUIS RELL ESPIN RICOT QUI,
078401,00000000784014,00,0023350,00,000,0,000,000,00000000,0,0,0,RAVIOLES DE CARNE QUIERO MA,
078401,00000000784014,00,0022450,00,000,0,000,000,00000000,0,0,0,RAVIOLES DE POLLO QUIERO MA,
078401,00000000784014,00,0022450,00,000,0,000,000,00000000,0,0,0,RAVIOLES ESPIN RICOTTA QUIE,
078401,00000000784014,00,0022450,00,000,0,000,000,00000000,0,0,0,RAVIOLES DE JAMON QUESO QUI,
078401,00000000784014,00,0008700,00,000,0,000,000,00000000,0,0,0,SPAGHETTI QUIERO MAS 500 GR,
078401,00000000784014,00,0008700,00,000,0,000,000,00000000,0,0,0,FETTUCCINE QUIERO MAS 500 G,
078401,00000000784014,00,0008700,00,000,0,000,000,00000000,0,0,0,QUIERO MAS TAGLIATELLE 500 ,
078401,00000000784018,00,0003750,00,000,0,000,000,00000000,0,0,0,JARDINERA D VERDURAS 200GR ,
078401,00000000784018,00,0006900,00,000,0,000,000,00000000,0,0,0,CAFE INSTANTANEO BELEN MATI,
078401,00000000784018,00,0005450,00,000,0,000,000,00000000,0,0,0,FIDEOS FARFALLE A HUEVO 400,
078401,00000000784018,00,0005450,00,000,0,000,000,00000000,0,0,0,FIDEOS FUSILLI A HUEVO 400G,
078401,00000000784018,00,0005450,00,000,0,000,000,00000000,0,0,0,FIDEOS SEDANI A HUEVO 400GR,
078401,00000000784018,00,0005450,00,000,0,000,000,00000000,0,0,0,FIDEOS CHIFFERI A HUEVO 400,
078401,00000000784018,00,0005450,00,000,0,000,000,00000000,0,0,0,FIDEO TAGLIATELLE AL HUEVO ,
078401,00000000784018,00,0005450,00,000,0,000,000,00000000,0,0,0,FIDEOS SPAGHETTI A HUEVO 40,
078401,00000000784018,00,0005450,00,000,0,000,000,00000000,0,0,0,FIDEOS SPAGHETTINI A HUEVO ,
078401,00000000784018,00,0022500,00,000,0,000,000,00000000,0,0,0,VINO TINT SANTA HELENA GRAN,
078402,00000000784022,00,0006000,00,000,0,000,000,00000000,0,0,0, OQUIS EDWARD 450 GR       ,
078402,00000000784022,00,0012000,00,000,0,000,000,00000000,0,0,0, OQUIS C PAPA 1KG EDWARD PA,
078405,00000000784059,00,0008100,00,000,0,000,000,00000000,0,0,0,GALLETA MOLIDA ARCO IRIS PA,
078405,00000000784059,00,0001750,00,000,0,000,000,00000000,0,0,0,SAL PARRILLERA CONDIMEN 200,
078405,00000000784059,00,0005150,00,000,0,000,000,00000000,0,0,0,SALSA DE AJO ARCO 150ML ARC,
078405,00000000784059,00,0006500,00,000,0,000,000,00000000,0,0,0,GALLETA MOLIDA C AJO Y PERE,
078406,00000000784069,00,0009800,00,000,0,000,000,00000000,0,0,0,HAMBURGUESA  EFEGE  CARNE 6,
078406,00000000784069,00,0025850,00,000,0,000,000,00000000,0,0,0,HAMBURGUESA  EFEGE  CARNE 1,
078406,00000000784069,00,0095900,00,000,0,000,000,00000000,0,0,0,HAMBURGUESA DE CARNE EFEGE ,
078407,00000000784077,00,0008500,00,000,0,000,000,00000000,0,0,0,GASEOSA PULP NARANJA X 2000,
078407,00000000784077,00,0008500,00,000,0,000,000,00000000,0,0,0,GASEOSA PULP POMELO BOT 2 L,
078407,00000000784077,00,0002950,00,000,0,000,000,00000000,0,0,0,AGUA LA FUENTE PET 2LT S GA,
078407,00000000784077,00,0002950,00,000,0,000,000,00000000,0,0,0,AGUA LA FUENTE PET 2LT C GA,
078407,00000000784077,00,0008500,00,000,0,000,000,00000000,0,0,0,GASEOSA PULP NARANJA FREE B,
078407,00000000784077,00,0008500,00,000,0,000,000,00000000,0,0,0,GASEOSA PULP GUARANA PET200,
078407,00000000784077,00,0008500,00,000,0,000,000,00000000,0,0,0,GASEOSA PULP FREE GUARANA 2,
078407,00000000784077,00,0005500,00,000,0,000,000,00000000,0,0,0,GASEOSA PULP NARANJA BOT 1 ,
078407,00000000784077,00,0005500,00,000,0,000,000,00000000,0,0,0,GASEOSA PULP GUARANA BOT 1 ,
078407,00000000784077,00,0005500,00,000,0,000,000,00000000,0,0,0,GASEOSA PULP POMELO BOT 1LT,
078407,00000000784077,00,0005500,00,000,0,000,000,00000000,0,0,0,GASEOSA LIMONADA 1LT PULP P,
078407,00000000784077,00,0001950,00,000,0,000,000,00000000,0,0,0,AGUA MINERAL S GAS 600ML LA,
078407,00000000784077,00,0001950,00,000,0,000,000,00000000,0,0,0,AGUA MINERAL C GAS 600ML LA,
078407,00000000784077,00,0004450,00,000,0,000,000,00000000,0,0,0,GASEOSA LIMONADA 500ML PULP,
078407,00000000784077,00,0008000,00,000,0,000,000,00000000,0,0,0,GASEOSA LIMONADA 2LT PULP P,
078407,00000000784077,00,0004450,00,000,0,000,000,00000000,0,0,0,GASEOSA SABOR NARANJA 500ML,
078407,00000000784077,00,0004450,00,000,0,000,000,00000000,0,0,0,GASEOSA SABOR POMELO 500ML ,
078407,00000000784077,00,0004450,00,000,0,000,000,00000000,0,0,0,GASEOSA SABOR GUARANA PULP ,
078407,00000000784077,00,0004450,00,000,0,000,000,00000000,0,0,0,GASEOSA SABOR NARANJA FREE ,
078407,00000000784077,00,0004450,00,000,0,000,000,00000000,0,0,0,GASEOSA SABOR GUARANA FREE ,
078407,00000000784077,00,0004250,00,000,0,000,000,00000000,0,0,0,AGUA MINERAL SIN GAS LA FUE,
078407,00000000784078,00,0006100,00,000,0,000,000,00000000,0,0,0,MANI  MANI 21  SALADO CARTO,
078407,00000000784078,00,0023600,00,000,0,000,000,00000000,0,0,0,MANI  MANI 21  SALADO 500 G,
078407,00000000784078,00,0006100,00,000,0,000,000,00000000,0,0,0,MANI  MANI 21  GARRAPINADO ,
078407,00000000784078,00,0024750,00,000,0,000,000,00000000,0,0,0,MANTECA MANI 21 DE MANI DUL,
078407,00000000784078,00,0024750,00,000,0,000,000,00000000,0,0,0,MANTECA  MANI 21  DE MANI N,
078407,00000000784078,00,0015950,00,000,0,000,000,00000000,0,0,0,MANI MANI 21 GARRAPINADO 30,
078407,00000000784078,00,0007750,00,000,0,000,000,00000000,0,0,0,MANI PICANTE 100GR MANI 21 ,
078412,00000000784129,00,0003250,00,000,0,000,000,00000000,0,0,0,ARROZ GLACEADO VERDE TIPO 2,
078413,00000000784130,00,0001600,00,000,0,000,000,00000000,0,0,0,HAMBURGUESA DE PECHUGA X1 U,
078413,00000000784130,00,0031500,00,000,0,000,000,00000000,0,0,0,KZERITOS NUGGETS D POLLO KZ,
078428,00000000784281,00,0039500,00,000,0,000,000,00000000,0,0,0,TAPABOCA QUIRURGICA BIOPRO ,
078428,00000000784281,00,0008000,00,000,0,000,000,00000000,0,0,0,TAPABOCA DESECHABLES BIOPRO,
078910,00000000789100,00,0014700,00,000,0,000,000,00000000,0,0,0,NESCAU NESTLE CHOCOLATADA P,
078910,00000000789108,00,0011400,00,000,0,000,000,00000000,0,0,0,ACEITE SOYA SOJA 900 ML SOY,
078911,00000000789113,00,0003900,00,000,0,000,000,00000000,0,0,0,JABON DE TOCADOR BIOCREMA L,
078911,00000000789113,00,0003900,00,000,0,000,000,00000000,0,0,0,JABON TOCADOR BIOCREMA AVEN,
078911,00000000789113,00,0003900,00,000,0,000,000,00000000,0,0,0,JABON DE TOCADOR BIOCREMA E,
078911,00000000789113,00,0012500,00,000,0,000,000,00000000,0,0,0,JABON LIQUIDO CREMOSO BIOCR,
078911,00000000789113,00,0008900,00,000,0,000,000,00000000,0,0,0,ANTITRANSPIRANTE BIOCREMA L,
078911,00000000789113,00,0008900,00,000,0,000,000,00000000,0,0,0,ANTITRANSPIRANTE BIOCREMA A,
078911,00000000789113,00,0008900,00,000,0,000,000,00000000,0,0,0,ANTITRANSPIRANTE BIOCREMA S,
078911,00000000789113,00,0008900,00,000,0,000,000,00000000,0,0,0,DESODORANTE PARA PIES BIOCR,
078911,00000000789113,00,0008900,00,000,0,000,000,00000000,0,0,0,DESODORANTE DE PIES BIOCREM,
078960,00000000789604,00,0003500,00,000,0,000,000,00000000,0,0,0,CERVEZA 473 ML KAISER LATA ,
078960,00000000789604,00,0003000,00,000,0,000,000,00000000,0,0,0,CERVEZA 350 ML LATA KAISER ,
078960,00000000789605,00,0008300,00,000,0,000,000,00000000,0,0,0,LECHE CONDENSADA 395GR ITAM,
078960,00000000789605,00,0001700,00,000,0,000,000,00000000,0,0,0,MAYONESA TRADICIONAL 200 GR,
078960,00000000789605,00,0002100,00,000,0,000,000,00000000,0,0,0,KETCHUP TRADICIONAL 200GR D,
078960,00000000789605,00,0001600,00,000,0,000,000,00000000,0,0,0,SALSA P  PIZZA TRADICIONAL ,
078960,00000000789605,00,0001500,00,000,0,000,000,00000000,0,0,0,MOSTAZA 200GR DAJUDA DOY PA,
078960,00000000789605,00,0004400,00,000,0,000,000,00000000,0,0,0,MAYONESA TRADICIONAL 510GR ,
078961,00000000789610,00,0006900,00,000,0,000,000,00000000,0,0,0,TOALLAS HIGIENICAS NOCTURNO,
078961,00000000789610,00,0026900,00,000,0,000,000,00000000,0,0,0,PA AL LOVE CARE JUMBO MILI ,
078961,00000000789610,00,0026900,00,000,0,000,000,00000000,0,0,0,PA AL LOVE CARE JUMBO MILI ,
078961,00000000789610,00,0026900,00,000,0,000,000,00000000,0,0,0,PA AL LOVE CARE JUMBO MILI ,
078961,00000000789610,00,0026900,00,000,0,000,000,00000000,0,0,0,PA AL LOVE CARE JUMBO MILI ,
078961,00000000789610,00,0026900,00,000,0,000,000,00000000,0,0,0,PA AL LOVE CARE JUMBO MILI ,
078961,00000000789610,00,0019900,00,000,0,000,000,00000000,0,0,0,PA AL JUMBINHO XXG 16UND MI,
078961,00000000789610,00,0019900,00,000,0,000,000,00000000,0,0,0,PA AL JUMBINHO XG 18UN MILI,
078961,00000000789610,00,0019900,00,000,0,000,000,00000000,0,0,0,PA AL JUMBINHO GRANDE 20UN ,
078961,00000000789610,00,0019900,00,000,0,000,000,00000000,0,0,0,PA AL JUMBINHO MEDIANO 22UN,
078961,00000000789610,00,0019900,00,000,0,000,000,00000000,0,0,0,PA AL JUMBINHO PEQUE O 24UN,
078961,00000000789610,00,0029900,00,000,0,000,000,00000000,0,0,0,PA AL VITA ADULTO PEQUE O 1,
078961,00000000789610,00,0029900,00,000,0,000,000,00000000,0,0,0,PA AL MILI ADULTO EXT GDE  ,
078961,00000000789610,00,0029900,00,000,0,000,000,00000000,0,0,0,PA AL MILI ADULTO GRANDE  8,
078961,00000000789610,00,0029900,00,000,0,000,000,00000000,0,0,0,PA AL MILI ADULTO MED  9UN ,
078961,00000000789610,00,0006900,00,000,0,000,000,00000000,0,0,0,TOALLITA HUMEDA 50UND MILI ,
078962,00000000789628,00,0001800,00,000,0,000,000,00000000,0,0,0,GALLETITA RELLENA C FRUTILL,
078962,00000000789628,00,0001700,00,000,0,000,000,00000000,0,0,0,GALLETITA RELLENA C CHOCOLA,
078962,00000000789628,00,0001700,00,000,0,000,000,00000000,0,0,0,GALLETITA RELLENA C DULCE D,
078962,00000000789628,00,0001800,00,000,0,000,000,00000000,0,0,0,GALLETITA OBLEAS D CHOCOLAT,
078962,00000000789628,00,0001800,00,000,0,000,000,00000000,0,0,0,GALLETITA OBLEAS D FRUTILLA,
078962,00000000789628,00,0001800,00,000,0,000,000,00000000,0,0,0,GALLETITA OBLEAS C DULCE D ,
078963,00000000789634,00,0020900,00,000,0,000,000,00000000,0,0,0,VASOS DESC COLOR ROSADO PRA,
078963,00000000789634,00,0020900,00,000,0,000,000,00000000,0,0,0,VASOS DESCA COLOR AMARILLO ,
078963,00000000789634,00,0020900,00,000,0,000,000,00000000,0,0,0,VASOS DES COLOR VERDE PRAFE,
078963,00000000789634,00,0020900,00,000,0,000,000,00000000,0,0,0,VASO MANIA C AZUL D 300ML P,
078963,00000000789634,00,0020900,00,000,0,000,000,00000000,0,0,0,VASOS DESC COLOR NEGRO PRAF,
078963,00000000789634,00,0020900,00,000,0,000,000,00000000,0,0,0,VASOS DESC COLOR AZUL PRAFE,
078963,00000000789634,00,0020900,00,000,0,000,000,00000000,0,0,0,VASOS DESC COLOR ROJO PRAFE,
078963,00000000789634,00,0017900,00,000,0,000,000,00000000,0,0,0,VASOS DESC DISE O D CALAV P,
078963,00000000789634,00,0017900,00,000,0,000,000,00000000,0,0,0,VASOS DESC DISE O DE NIEVE ,
078965,00000000789655,00,0007850,00,000,0,000,000,00000000,0,0,0,LECHE DE COCO QUALICOCO 200,
078965,00000000789655,00,0031700,00,000,0,000,000,00000000,0,0,0,ACEITE D COCO SIN SABOR QUA,
078965,00000000789655,00,0016900,00,000,0,000,000,00000000,0,0,0,AGUA DE COCO INTEGRAL QUALI,
078980,00000000789803,00,0003000,00,000,0,000,000,00000000,0,0,0,CERVEZA DOBLE E 473 ML LAT ,
078983,00000000789836,00,0005000,00,000,0,000,000,00000000,0,0,0,CERVEZA 355 ML EISENBAHN PI,
078983,00000000789836,00,0003650,00,000,0,000,000,00000000,0,0,0,CERVEZA 350 ML EISENBAHN PI,
084100,00000000841003,00,0092000,00,000,0,000,000,00000000,0,0,0,VINO ESPUM BRUT FREIXENET B,
084100,00000000841003,00,0073600,00,000,0,000,000,00000000,0,0,0,VINO ESPUM FREIXENE BOT 750,
084100,00000000841003,00,0073600,00,000,0,000,000,00000000,0,0,0,VINO ESPUM FREIXENE BOT 750,
084100,00000000841003,00,0092000,00,000,0,000,000,00000000,0,0,0,VINO ESPUM  FREIXENET  CORD,
084101,00000000841019,00,0023900,00,000,0,000,000,00000000,0,0,0,CREMA D MANOS NUTRITIVA 75M,
084101,00000000841019,00,0019550,00,000,0,000,000,00000000,0,0,0,DESODORANTE ANTITRANS ORIGI,
084101,00000000841019,00,0019550,00,000,0,000,000,00000000,0,0,0,DESODORANTE ANTITRANS ORIGI,
084101,00000000841019,00,0019550,00,000,0,000,000,00000000,0,0,0,DESODORANTE ANTITRANS 50ML ,
084101,00000000841019,00,0019550,00,000,0,000,000,00000000,0,0,0,DESODORANTE ANTITRANS 50ML ,
084103,00000000841038,00,0059800,00,000,0,000,000,00000000,0,0,0,VINO ESPUMANTE DELICATE AND,
084107,00000000841079,00,0005000,00,000,0,000,000,00000000,0,0,0,CERVEZA BARCELONA 330ML EST,
084111,00000000841113,00,0040850,00,000,0,000,000,00000000,0,0,0,GEL D DUCHA NUTRITIVO 600ML,
084111,00000000841113,00,0040850,00,000,0,000,000,00000000,0,0,0,GEL D DUCHA LACTOUREA 600ML,
084111,00000000841113,00,0040850,00,000,0,000,000,00000000,0,0,0,GEL DE BA O LACTO OIL HIDRA,
084111,00000000841113,00,0019550,00,000,0,000,000,00000000,0,0,0,DESODORANTE ANTITRANS 50ML ,
084113,00000000841132,00,0005650,00,000,0,000,000,00000000,0,0,0,CERVEZA CLASICA 330ML MAHOU,
084113,00000000841132,00,0005900,00,000,0,000,000,00000000,0,0,0,CERVEZA 5 ESTRELLA 330ML MA,
084113,00000000841132,00,0006400,00,000,0,000,000,00000000,0,0,0,CERVEZA DE LIMON MIXTA 250 ,
084113,00000000841132,00,0006900,00,000,0,000,000,00000000,0,0,0,CERVEZA 5 ESTRELLAS 250 ML ,
084113,00000000841132,00,0009400,00,000,0,000,000,00000000,0,0,0,CERVEZA 5 ESTRELLAS 500ML M,
087120,00000000871200,00,0034000,00,000,0,000,000,00000000,0,0,0,CERVEZA HEINEKEN 330ML LATA,
088000,00000000880001,00,0046900,00,000,0,000,000,00000000,0,0,0,TILAPIA DE MAR FRESH FROZEN,
088000,00000000880001,00,0036300,00,000,0,000,000,00000000,0,0,0,PANGA 500GR FRESH FROZEN BS,
088010,00000000880103,00,0014900,00,000,0,000,000,00000000,0,0,0,MAQUINA DE AFEITAR PACE 6H ,
088010,00000000880103,00,0009900,00,000,0,000,000,00000000,0,0,0,MAQUINA DE AFEITAR DORCO PA,
090000,00000000900003,00,0015000,00,000,0,000,000,00000000,0,0,0,MANZANA S E 1 KG VERDE VERD,
090001,00000000900010,00,0013550,00,000,0,000,000,00000000,0,0,0,MANZANA S E 1 KG ROJO IMPRT,
090002,00000000900027,00,0012150,00,000,0,000,000,00000000,0,0,0,MANZANA S E 1 COLEGIALA    ,
090003,00000000900034,00,0012650,00,000,0,000,000,00000000,0,0,0,MANZANA SUPER X KG         ,
090004,00000000900041,00,0010400,00,000,0,000,000,00000000,0,0,0,PERA S E 1 KG DE AGUA ARGEN,
090005,00000000900058,00,0023550,00,000,0,000,000,00000000,0,0,0,PERA S E 1 KG DE AGUA SUPER,
090006,00000000900065,00,0017850,00,000,0,000,000,00000000,0,0,0,BANANA S E 1 KG ORO        ,
090007,00000000900072,00,0007600,00,000,0,000,000,00000000,0,0,0,BANANA KARAPE X KG         ,
090008,00000000900089,00,0021450,00,000,0,000,000,00000000,0,0,0,MAMON CHICO BRASIL X KG    ,
090009,00000000900096,00,0019850,00,000,0,000,000,00000000,0,0,0,MAMON S E 1 KG GRANDE      ,
090010,00000000900102,00,0012050,00,000,0,000,000,00000000,0,0,0,UVA S E 1 KG BLANCA NACIONA,
090011,00000000900119,00,0025700,00,000,0,000,000,00000000,0,0,0,UVA S E 1 KG NEGRA NACIONAL,
090012,00000000900126,00,0032850,00,000,0,000,000,00000000,0,0,0,UVA S E 1 KG NEGRA BRASIL  ,
090013,00000000900133,00,0012050,00,000,0,000,000,00000000,0,0,0,UVA S E 1 KG ROSADA NACIONA,
090014,00000000900140,00,0065700,00,000,0,000,000,00000000,0,0,0,KIWI S E 1 KG              ,
090017,00000000900171,00,0007600,00,000,0,000,000,00000000,0,0,0,LIMON S E 1 KG TAITI       ,
090019,00000000900195,00,0004800,00,000,0,000,000,00000000,0,0,0,POMELO S E 1 KG NACIONAL   ,
090021,00000000900218,00,0025700,00,000,0,000,000,00000000,0,0,0,POMELO S E 1 KG ROJO       ,
090024,00000000900249,00,0007550,00,000,0,000,000,00000000,0,0,0,MANDARINA S E 1 KG MURCOT  ,
090025,00000000900256,00,0030000,00,000,0,000,000,00000000,0,0,0,GUAYABA S E 1 KG           ,
090026,00000000900263,00,0013000,00,000,0,000,000,00000000,0,0,0,MANGO S E 1 KG BRAZIL      ,
090027,00000000900270,00,0014300,00,000,0,000,000,00000000,0,0,0,MELON S E 1 KG BRASILERO   ,
090028,00000000900287,00,0013550,00,000,0,000,000,00000000,0,0,0,PI A S E 1 KG BRASILERO    ,
090029,00000000900294,00,0013900,00,000,0,000,000,00000000,0,0,0,PI A S E 1 KG NACIONAL     ,
090030,00000000900300,00,0006100,00,000,0,000,000,00000000,0,0,0,SANDIA X KG                ,
090031,00000000900317,00,0035700,00,000,0,000,000,00000000,0,0,0,AGUACATE X KG              ,
090032,00000000900324,00,0005700,00,000,0,000,000,00000000,0,0,0,CARAMBOLA S E 1 KG         ,
090033,00000000900331,00,0025700,00,000,0,000,000,00000000,0,0,0,MBURUCUYA S E 1 KG         ,
090034,00000000900348,00,0018550,00,000,0,000,000,00000000,0,0,0,COCO S E 1 KG MARRON       ,
090035,00000000900355,00,0014500,00,000,0,000,000,00000000,0,0,0,MANZANA EN BANDEJA BJA 1 KG,
090036,00000000900362,00,0017250,00,000,0,000,000,00000000,0,0,0,MANZANA VERDE EXTRA EN BAND,
090038,00000000900386,00,0006350,00,000,0,000,000,00000000,0,0,0,NARANJA EN BANDEJA BJA 1 KG,
090042,00000000900423,00,0006950,00,000,0,000,000,00000000,0,0,0,REPOLLO S E 1 KG BLANCO    ,
090043,00000000900430,00,0012700,00,000,0,000,000,00000000,0,0,0,REPOLLO S E 1 KG MORADO    ,
090044,00000000900447,00,0011000,00,000,0,000,000,00000000,0,0,0,PAPA BLANCA BRASIL S E X KG,
090047,00000000900478,00,0005450,00,000,0,000,000,00000000,0,0,0,MANDIOCA S E 1 KG          ,
090048,00000000900485,00,0015200,00,000,0,000,000,00000000,0,0,0,TOMATE LISA S E 1 KG       ,
090049,00000000900492,00,0011950,00,000,0,000,000,00000000,0,0,0,TOMATE S E 1 KG SANTA CRUZ ,
090050,00000000900508,00,0054300,00,000,0,000,000,00000000,0,0,0,LOCOTE S E 1 KG LILA       ,
090051,00000000900515,00,0012850,00,000,0,000,000,00000000,0,0,0,LOCOTE ROJO S E  KG NACIONA,
090052,00000000900522,00,0016700,00,000,0,000,000,00000000,0,0,0,LOCOTE S E 1 KG VERDE      ,
090053,00000000900539,00,0028750,00,000,0,000,000,00000000,0,0,0,LOCOTE S E 1 KG AMARILLO   ,
090056,00000000900560,00,0010000,00,000,0,000,000,00000000,0,0,0,REMOLACHA S E 1 KG         ,
090057,00000000900577,00,0015700,00,000,0,000,000,00000000,0,0,0,BERENJENA S E X KG         ,
090058,00000000900584,00,0010700,00,000,0,000,000,00000000,0,0,0,CHUCHU S E 1 KG            ,
090059,00000000900591,00,0031350,00,000,0,000,000,00000000,0,0,0,ARVEJA S E 1 KG            ,
090060,00000000900607,00,0005150,00,000,0,000,000,00000000,0,0,0,BATATA S E 1 KG BLANCA     ,
090061,00000000900614,00,0004100,00,000,0,000,000,00000000,0,0,0,BATATA S E 1 KG ROJA       ,
090062,00000000900621,00,0011450,00,000,0,000,000,00000000,0,0,0,CALABACITA S E 1 KG BRAZIL ,
090063,00000000900638,00,0009850,00,000,0,000,000,00000000,0,0,0,PEPINO S E 1 KG NACIONAL   ,
090064,00000000900645,00,0013950,00,000,0,000,000,00000000,0,0,0,CHOCLO S E 1 KG DESGRANADO ,
090065,00000000900652,00,0017150,00,000,0,000,000,00000000,0,0,0,ACELGA S E 1 KG JAPONES    ,
090066,00000000900669,00,0021450,00,000,0,000,000,00000000,0,0,0,GENGIBRE S E 1 KG          ,
090067,00000000900676,00,0028550,00,000,0,000,000,00000000,0,0,0,CHAUCHA S E 1 KG CORTA     ,
090068,00000000900683,00,0004800,00,000,0,000,000,00000000,0,0,0,ZAPALLO S E 1 KG NACIONAL  ,
090069,00000000900690,00,0005700,00,000,0,000,000,00000000,0,0,0,ZAPALLO S E 1 KG BRASILERO ,
090070,00000000900706,00,0008550,00,000,0,000,000,00000000,0,0,0,ZAPALLITO DE TRONCO X KG   ,
090071,00000000900713,00,0010900,00,000,0,000,000,00000000,0,0,0,ZANAHORIA EN BANDEJA BJA 1 ,
090072,00000000900720,00,0017450,00,000,0,000,000,00000000,0,0,0,TOMATE LISA X KG EN BANDEJA,
090073,00000000900737,00,0031500,00,000,0,000,000,00000000,0,0,0,LOCOTE ROJO EXTRA EN BANDEJ,
090074,00000000900744,00,0019200,00,000,0,000,000,00000000,0,0,0,LOCOTE VERDE EXTRA EN BANDE,
090078,00000000900782,00,0008000,00,000,0,000,000,00000000,0,0,0,PAPA EN MALLA X KILO       ,
090079,00000000900799,00,0007300,00,000,0,000,000,00000000,0,0,0,CEBOLLA EN MALLA MLL 1 KG A,
090091,00000000900911,00,0017950,00,000,0,000,000,00000000,0,0,0,COSTILLA NOVILLO S E 1 KG  ,
090173,00000000901734,00,0046050,00,000,0,000,000,00000000,0,0,0,QUESO DAMBO LACTOLANDA S E ,
090304,00000000903042,00,0035000,00,000,0,000,000,00000000,0,0,0,PERA S E 1 KG ROJA         ,
090305,00000000903059,00,0005700,00,000,0,000,000,00000000,0,0,0,NARANJA S E X KG           ,
090306,00000000903066,00,0024300,00,000,0,000,000,00000000,0,0,0,LIMON S E 1 KG EURECA      ,
090310,00000000903103,00,0100000,00,000,0,000,000,00000000,0,0,0,DAMASCO IMPORTADA          ,
090311,00000000903110,00,0040000,00,000,0,000,000,00000000,0,0,0,KIABO S E 1 KG             ,
090321,00000000903219,00,0030800,00,000,0,000,000,00000000,0,0,0,MBURUCUYA EN BANDEJA BJA 1 ,
090324,00000000903240,00,0008700,00,000,0,000,000,00000000,0,0,0,LIMON EN MALLA MLL 1 KG TAI,
