011003,00000000110037,00,0003350,00,000,0,000,000,00000000,1,0,0,CHOCLO S E 1 UN ESPIGA     ,
011006,00000000110068,00,0030000,00,000,0,000,000,00000000,0,0,0,COLIFLOR S E 1 KG SUPER    ,
011007,00000000110075,00,0021500,00,000,0,000,000,00000000,0,0,0,LECHUGA S E 1 KG REPOLLADA ,
011009,00000000110099,00,0007950,00,000,0,000,000,00000000,1,0,0,LECHUGA LAVADA             ,
011010,00000000110105,00,0007250,00,000,0,000,000,00000000,1,0,0,LECHUGA PIRATI ECOLOGICA X ,
011015,00000000110150,00,0002750,00,000,0,000,000,00000000,1,0,0,HINOJO S E 1 UN ORGANICO   ,
011017,00000000110174,00,0001100,00,000,0,000,000,00000000,1,0,0,PEREJIL S E 1 MZ ORGANICO  ,
011019,00000000110198,00,0002250,00,000,0,000,000,00000000,1,0,0,KURATU S E 1 MZ ORGANICO   ,
011023,00000000110235,00,0003800,00,000,0,000,000,00000000,1,0,0,PUERRO S E 1 UN ORGANICO   ,
011028,00000000110280,00,0001350,00,000,0,000,000,00000000,1,0,0,CEBOLLITA DE HOJA S E 1 UN ,
011139,00000000111393,00,0008450,00,000,0,000,000,00000000,1,0,0,LECHUGA S E 1 UN BLANCA    ,
011140,00000000111409,00,0008450,00,000,0,000,000,00000000,1,0,0,LECHUGA S E 1 UN MORADA    ,
011142,00000000111423,00,0011600,00,000,0,000,000,00000000,1,0,0,BROCOLI S E 1 MZ ORGANICO  ,
011143,00000000111430,00,0002650,00,000,0,000,000,00000000,1,0,0,RUCULA S E 1 MZ ORGANICO   ,
011208,00000000112086,00,0030000,00,000,0,000,000,00000000,0,0,0,BANANA ECUATORIANA         ,
011209,00000000112093,00,0032850,00,000,0,000,000,00000000,0,0,0,UVA S E 1 KG BLANCA BRASIL ,
011210,00000000112109,00,0005700,00,000,0,000,000,00000000,0,0,0,NARANJA OMBLIGO KG         ,
011214,00000000112147,00,0022850,00,000,0,000,000,00000000,0,0,0,LIMON S E 1 KG SUTIL       ,
011215,00000000112154,00,0021450,00,000,0,000,000,00000000,0,0,0,LIMON S E 1 KG REAL        ,
011216,00000000112161,00,0009850,00,000,0,000,000,00000000,0,0,0,MELON S E 1 KG NACIONAL    ,
011217,00000000112178,00,0009850,00,000,0,000,000,00000000,0,0,0,MELON S E 1 KG JAPONESA    ,
011218,00000000112185,00,0024300,00,000,0,000,000,00000000,0,0,0,MELON S E 1 KG DELICIA     ,
011224,00000000112246,00,0017100,00,000,0,000,000,00000000,0,0,0,DURAZNO NACIONAL S E 1 KG  ,
011226,00000000112260,00,0024650,00,000,0,000,000,00000000,0,0,0,DURAZNO S E 1 KG ARGENTINA ,
011228,00000000112284,00,0025700,00,000,0,000,000,00000000,0,0,0,PELON S E 1 KG             ,
011229,00000000112291,00,0121450,00,000,0,000,000,00000000,0,0,0,CEREZA S E X KG            ,
011230,00000000112307,00,0100000,00,000,0,000,000,00000000,0,0,0,NISPERO S E 1 KG           ,
011231,00000000112314,00,0048100,00,000,0,000,000,00000000,0,0,0,FRUTILLA S E NACIONAL X KG ,
011232,00000000112321,00,0057150,00,000,0,000,000,00000000,0,0,0,KAKI BRASILERO S E 1 KG    ,
011233,00000000112338,00,0142850,00,000,0,000,000,00000000,0,0,0,QUINOTO S E 1 KG           ,
011234,00000000112345,00,0064300,00,000,0,000,000,00000000,0,0,0,CIRIMOYA S E 1 KG          ,
011235,00000000112352,00,0178550,00,000,0,000,000,00000000,0,0,0,HIGO S E 1 KG              ,
011238,00000000112383,00,0037750,00,000,0,000,000,00000000,0,0,0,UVA EN BANDEJA BJA 1 KG NEG,
011240,00000000112406,00,0012350,00,000,0,000,000,00000000,0,0,0,PERA DE AGUA EXTRA EN BANDE,
011247,00000000112475,00,0036750,00,000,0,000,000,00000000,0,0,0,UVA EN BANDEJA BJA 1 KG BLA,
011254,00000000112543,00,0008450,00,000,0,000,000,00000000,0,0,0,LIMON EN BANDEJA BJA 1 KG T,
011263,00000000112635,00,0011000,00,000,0,000,000,00000000,0,0,0,MANDARINA EN BANDEJA BJA 1 ,
011265,00000000112659,00,0028300,00,000,0,000,000,00000000,0,0,0,CIRUELA ARGENTINA BJA 1 KG ,
011269,00000000112697,00,0034250,00,000,0,000,000,00000000,0,0,0,PELON EN BANDEJA BJA 1 KG A,
011278,00000000112789,00,0005200,00,000,0,000,000,00000000,1,0,0,ZANAHORIA MZ 6 UN ORGANICA ,
011284,00000000112840,00,0054300,00,000,0,000,000,00000000,0,0,0,LOCOTE S E 1 KG BLANCO     ,
011286,00000000112864,00,0002350,00,000,0,000,000,00000000,1,0,0,RABANITO ORGANICO S E 1 UN ,
011287,00000000112871,00,0002450,00,000,0,000,000,00000000,1,0,0,REMOLACHA S E 1 MZ ORGANICO,
011294,00000000112949,00,0030000,00,000,0,000,000,00000000,0,0,0,AJI S E 1 KG ROJO          ,
011337,00000000113373,00,0082850,00,000,0,000,000,00000000,0,0,0,ENDIVIA S E X KILO         ,
011338,00000000113380,00,0008450,00,000,0,000,000,00000000,1,0,0,LECHUGA S E 1 UN BRICA     ,
011349,00000000113496,00,0011950,00,000,0,000,000,00000000,1,0,0,REPOLLADA VERDE ECOLOGICA  ,
011353,00000000113533,00,0002050,00,000,0,000,000,00000000,1,0,0,ESPINACA S E 1 MZ BLANCA   ,
011354,00000000113540,00,0002650,00,000,0,000,000,00000000,1,0,0,ACELGA S E 1 MZ NACIONAL   ,
011355,00000000113557,00,0001650,00,000,0,000,000,00000000,1,0,0,ACHICORIA S E 1 MZ ORGANICA,
011356,00000000113564,00,0001500,00,000,0,000,000,00000000,1,0,0,ALBAHACA S E 1 UN MORADA   ,
011365,00000000113656,00,0001950,00,000,0,000,000,00000000,1,0,0,ALBAHACA S E 1 MZ HOJAS    ,
011370,00000000113700,00,0003950,00,000,0,000,000,00000000,1,0,0,APIO S E 1 UN ORGANICA     ,
011372,00000000113724,00,0001100,00,000,0,000,000,00000000,1,0,0,OREGANO S E 1 MZ ORGANICA  ,
011375,00000000113755,00,0001350,00,000,0,000,000,00000000,1,0,0,CIBULLETE S E 1 MZ ORGANICO,
011376,00000000113762,00,0001350,00,000,0,000,000,00000000,1,0,0,AJO EN HOJA S E 1 UN ORGANI,
011378,00000000113786,00,0010700,00,000,0,000,000,00000000,0,0,0,ZAPALLITO S E 1 KG ITALIANO,
011382,00000000113823,00,0013600,00,000,0,000,000,00000000,0,0,0,TOMATE SANTA CRUZ EXTRA EN ,
011395,00000000113953,00,0017250,00,000,0,000,000,00000000,0,0,0,BERENJENA EN BANDEJA BJA 1 ,
011397,00000000113977,00,0012300,00,000,0,000,000,00000000,0,0,0,ZAPALLITO EN BANDEJA BJA 1 ,
011398,00000000113984,00,0009800,00,000,0,000,000,00000000,0,0,0,ZAPALLITO EN BANDEJA BJA 1 ,
011400,00000000114004,00,0011000,00,000,0,000,000,00000000,0,0,0,PEPINO EN BANDEJA BJA 1 KG ,
011401,00000000114011,00,0007600,00,000,0,000,000,00000000,0,0,0,CEBOLLA DE CABEZA EN BANDEJ,
011402,00000000114028,00,0011500,00,000,0,000,000,00000000,0,0,0,REMOLACHA EXTRA EN BANDEJA ,
011446,00000000114462,00,0135700,00,000,0,000,000,00000000,0,0,0,GRANADA S E 1 KG           ,
011451,00000000114516,00,0002750,00,000,0,000,000,00000000,1,0,0,BERRO S E 1 MZ ORGANICO    ,
011452,00000000114523,00,0009100,00,000,0,000,000,00000000,0,0,0,REPOLLO EN BANDEJA BJA 1 KG,
011453,00000000114530,00,0014300,00,000,0,000,000,00000000,0,0,0,CEBOLLA DE CABEZA S E  KG R,
011550,00000000115506,00,0021450,00,000,0,000,000,00000000,0,0,0,BERENJENA IMPORTADA S E 1 K,
012223,00000000122238,00,0013500,00,000,0,000,000,00000000,1,0,0,RAVIOLES POLLO STOCK 500 GR,
012224,00000000122245,00,0013500,00,000,0,000,000,00000000,1,0,0,RAVIOLES RICOTTA STOCK 500 ,
012225,00000000122252,00,0013500,00,000,0,000,000,00000000,1,0,0,RAVIOLES VERDURA STOCK 500 ,
012226,00000000122269,00,0013500,00,000,0,000,000,00000000,1,0,0,RAVIOLES CARNE STOCK 500 GR,
012497,00000000124973,00,0058650,00,000,0,000,000,00000000,0,0,0,POROTOS S E 1 KG MANTECA   ,
012498,00000000124980,00,0029350,00,000,0,000,000,00000000,0,0,0,POROTOS S E 1 KG PEKY      ,
012516,00000000125161,00,0020550,00,000,0,000,000,00000000,0,0,0,CIRUELA S E 1 KG NACIONAL  ,
012524,00000000125246,00,0021450,00,000,0,000,000,00000000,1,0,0,BROCOLI S E 1 UN DE CABEZA ,
012687,00000000126878,00,0010550,00,000,0,000,000,00000000,0,0,0,ZANAHORIA DE 1RA S E KG    ,
012696,00000000126960,00,0025700,00,000,0,000,000,00000000,0,0,0,COLIFLOR EN COLORES IMPORTA,
012697,00000000126977,00,0035700,00,000,0,000,000,00000000,1,0,0,ANQUITO1 KG IMPORTADO      ,
012898,00000000128988,00,0045700,00,000,0,000,000,00000000,0,0,0,PERA S E X 1 KG ASIATICA   ,
012902,00000000129022,00,0002950,00,000,0,000,000,00000000,0,0,0,BANANA S E 1 KG BRASIL     ,
012929,00000000129299,00,0007950,00,000,0,000,000,00000000,0,0,0,MBURUCUYA NACIONAL X KG    ,
012947,00000000129473,00,0011150,00,000,0,000,000,00000000,0,0,0,PAPITA MALLA BLANC         ,
012958,00000000129589,00,0005050,00,000,0,000,000,00000000,0,0,0,CEBOLLA DE CABEZA S E 1 KG ,
012967,00000000129671,00,0028550,00,000,0,000,000,00000000,0,0,0,LOCOTE S E 1 KG ANARANJADO ,
013410,00000000134101,00,0071450,00,000,0,000,000,00000000,0,0,0,FRUTILLA S E 1 KG IMPORTADA,
013431,00000000134316,00,0023400,00,000,0,000,000,00000000,1,0,0,RUCULA SALVAJE ECOLOG BANDJ,
013462,00000000134620,00,0002750,00,000,0,000,000,00000000,1,0,0,NABO S E 1 UN ORGANICO     ,
013761,00000000137614,00,0007550,00,000,0,000,000,00000000,0,0,0,NARANJA IMPORTADA X KG     ,
013783,00000000137836,00,0002050,00,000,0,000,000,00000000,1,0,0,ESPINACA S E 1 MZ NEGRO    ,
013879,00000000138796,00,0022150,00,000,0,000,000,00000000,1,0,0,CHOCLO DULCE EN BANDEJA XUN,
014069,00000000140690,00,0001650,00,000,0,000,000,00000000,1,0,0,CHAUCHA MZ 1 UN ORGANICO   ,
015934,00000000159340,00,0004700,00,000,0,000,000,00000000,0,0,0,CALABAZA S E 1 KG          ,
016185,00000000161855,00,0002750,00,000,0,000,000,00000000,1,0,0,ESCAROLA S E 1 MZ ORGANICO ,
016293,00000000162937,00,0032850,00,000,0,000,000,00000000,0,0,0,UVA S E ROSADO IMPORT X KL ,
016302,00000000163026,00,0007950,00,000,0,000,000,00000000,0,0,0,SANDIA IMPORTADA S E X KG  ,
019169,00000000191692,00,0007950,00,000,0,000,000,00000000,0,0,0,MANZANA COLEGIALA ECONOMICA,
019182,00000000191821,00,0003050,00,000,0,000,000,00000000,0,0,0,NARANJA ECONOMICA X KG     ,
019239,00000000192392,00,0007850,00,000,0,000,000,00000000,0,0,0,CALABAZA BRASILERO SC S E 1,
019276,00000000192767,00,0128550,00,000,0,000,000,00000000,0,0,0,COL DE BRUSELAS SC S E 1 KG,
019309,00000000193092,00,0085700,00,000,0,000,000,00000000,0,0,0,CARAMBOLA BRASILERO SC 1KG ,
019315,00000000193153,00,0003800,00,000,0,000,000,00000000,1,0,0,ACELGA  X MAZO             ,
019316,00000000193160,00,0002800,00,000,0,000,000,00000000,1,0,0,ACELGA CHINA  X MAZO       ,
019318,00000000193184,00,0002050,00,000,0,000,000,00000000,1,0,0,ALBAHACA VERDE  HOJA X MAZO,
019319,00000000193191,00,0001000,00,000,0,000,000,00000000,1,0,0,ACHICORIA BLANCA X MAZO    ,
019321,00000000193214,00,0003550,00,000,0,000,000,00000000,1,0,0,BERRO  X MAZO              ,
019323,00000000193238,00,0001150,00,000,0,000,000,00000000,1,0,0,CEBOLLITA DE HOJA X UN     ,
019324,00000000193245,00,0005050,00,000,0,000,000,00000000,1,0,0,CEBOLLA DE CABEZA CON HOJA ,
019326,00000000193269,00,0003800,00,000,0,000,000,00000000,1,0,0,COLINABO  X UN             ,
019327,00000000193276,00,0001900,00,000,0,000,000,00000000,1,0,0,ESCAROLA  X UN             ,
019328,00000000193283,00,0003050,00,000,0,000,000,00000000,1,0,0,ESPINACA BLANCA X UN       ,
019329,00000000193290,00,0002300,00,000,0,000,000,00000000,1,0,0,ESPINACA NEGRA X UN        ,
019330,00000000193306,00,0005050,00,000,0,000,000,00000000,1,0,0,HINOJO  X UN               ,
019331,00000000193313,00,0001650,00,000,0,000,000,00000000,1,0,0,KOBE  X MZ                 ,
019332,00000000193320,00,0002900,00,000,0,000,000,00000000,1,0,0,KURATU  X MAZO             ,
019333,00000000193337,00,0000950,00,000,0,000,000,00000000,1,0,0,LAUREL  X  UNIDAD          ,
019334,00000000193344,00,0007950,00,000,0,000,000,00000000,1,0,0,LECHUGA BLANCA  X UN       ,
019335,00000000193351,00,0006950,00,000,0,000,000,00000000,1,0,0,LECHUGA  PIRATI X MZ       ,
019336,00000000193368,00,0007950,00,000,0,000,000,00000000,1,0,0,LECHUGA CRIOLLA  X UN      ,
019337,00000000193375,00,0008450,00,000,0,000,000,00000000,1,0,0,LECHUGA MANTECOSA X UN     ,
019338,00000000193382,00,0007950,00,000,0,000,000,00000000,1,0,0,LECHUGA MIMOSA MORADA      ,
019339,00000000193399,00,0007950,00,000,0,000,000,00000000,1,0,0,LECHUGA MIMOSA VERDE X UN  ,
019341,00000000193412,00,0002550,00,000,0,000,000,00000000,1,0,0,NABO X UNIDAD              ,
019342,00000000193429,00,0000950,00,000,0,000,000,00000000,1,0,0,OREGANO  X  UN             ,
019343,00000000193436,00,0001000,00,000,0,000,000,00000000,1,0,0,PEREJIL  X UN              ,
019344,00000000193443,00,0002300,00,000,0,000,000,00000000,1,0,0,PEREJIL JAPONES  X UN      ,
019345,00000000193450,00,0003800,00,000,0,000,000,00000000,1,0,0,RABANITO  X UN             ,
019347,00000000193474,00,0005700,00,000,0,000,000,00000000,1,0,0,REMOLACHA CON HOJAS X UN   ,
019351,00000000193511,00,0005700,00,000,0,000,000,00000000,1,0,0,ZANAHORIA CON HOJAS X  UN  ,
019354,00000000193542,00,0022150,00,000,0,000,000,00000000,0,0,0,APIO BRASILERO  X KG       ,
019356,00000000193566,00,0026650,00,000,0,000,000,00000000,0,0,0,ARVEJA CON CASCARA TRES BOC,
019365,00000000193658,00,0000950,00,000,0,000,000,00000000,1,0,0,REMEDIO REFRESCANTE X UNIDA,
019366,00000000193665,00,0002900,00,000,0,000,000,00000000,1,0,0,RUCULA X UNIDAD            ,
019367,00000000193672,00,0002550,00,000,0,000,000,00000000,1,0,0,TOMILLO  X UNIDAD          ,
019374,00000000193740,00,0005950,00,000,0,000,000,00000000,0,0,0,PERA ECONOMICA X KG        ,
019382,00000000193825,00,0025700,00,000,0,000,000,00000000,0,0,0,CHOCLO DULCE  X KL         ,
019388,00000000193887,00,0017150,00,000,0,000,000,00000000,0,0,0,SATUINO TRES BOCAS X KL    ,
019430,00000000194303,00,0012650,00,000,0,000,000,00000000,0,0,0,PAPA BLANCA EN MALLA X KL  ,
019446,00000000194464,00,0057150,00,000,0,000,000,00000000,0,0,0,PUERRO BRASIL  X KL        ,
019458,00000000194587,00,0035700,00,000,0,000,000,00000000,0,0,0,CHAUCHA BRASILERO X KL     ,
019463,00000000194631,00,0003150,00,000,0,000,000,00000000,1,0,0,APIO NAC X UN              ,
019464,00000000194648,00,0002900,00,000,0,000,000,00000000,1,0,0,PUERRO X UND               ,
019465,00000000194655,00,0001900,00,000,0,000,000,00000000,1,0,0,ROMERO X MAZO              ,
019467,00000000194679,00,0035700,00,000,0,000,000,00000000,0,0,0,TOMATE CHERRY  X KG        ,
019487,00000000194877,00,0027400,00,000,0,000,000,00000000,0,0,0,CIRUELA ROJA IMP 1 KG      ,
019510,00000000195102,00,0006850,00,000,0,000,000,00000000,0,0,0,MAMON NACIONAL S E 1 KG    ,
019513,00000000195133,00,0009600,00,000,0,000,000,00000000,0,0,0,MANDARINA IMPORTADA 1 KG   ,
019514,00000000195140,00,0007550,00,000,0,000,000,00000000,0,0,0,MANGO NACIONAL  1 KG       ,
019519,00000000195195,00,0097150,00,000,0,000,000,00000000,0,0,0,MBURUCUYA DULCE X KG       ,
019535,00000000195355,00,0031450,00,000,0,000,000,00000000,0,0,0,PI A PEROLA SC 1 KG        ,
019540,00000000195409,00,0085700,00,000,0,000,000,00000000,0,0,0,TORONJA SC 1 KG            ,
019550,00000000195508,00,0007750,00,000,0,000,000,00000000,0,0,0,POROTO PEKY C  CASC SC 1 KG,
019552,00000000195522,00,0010950,00,000,0,000,000,00000000,0,0,0,POROTO MANT C  CASC SC 1 KG,
019557,00000000195577,00,0009300,00,000,0,000,000,00000000,0,0,0,AGUACATE NACIONAL X KG     ,
019561,00000000195614,00,0010150,00,000,0,000,000,00000000,1,0,0,BROCOLI  X UN              ,
019573,00000000195737,00,0008250,00,000,0,000,000,00000000,0,0,0,HARINA DE MAIZ FRESCA 1RA X,
019605,00000000196055,00,0005500,00,000,0,000,000,00000000,0,0,0,MANDARINA NACIONAL X KG    ,
019699,00000000196994,00,0010000,00,000,0,000,000,00000000,0,0,0,POMELO IMPORTADO S E 1 X KG,
019780,00000000197809,00,0002550,00,000,0,000,000,00000000,1,0,0,CIOBOULLETTE  X MAZO       ,
019792,00000000197922,00,0150000,00,000,0,000,000,00000000,0,0,0,ESPARRAGO X KILO           ,
019965,00000000199650,00,0007550,00,000,0,000,000,00000000,0,0,0,MANDARINA X KG             ,
020475,00000000204750,00,0006900,00,000,0,000,000,00000000,0,0,0,TOMATE PERITA O STA CRUZ EC,
020521,00000000205214,00,0004400,00,000,0,000,000,00000000,0,0,0,PAPA ECONOMICA X KG        ,
020706,00000000207065,00,0085700,00,000,0,000,000,00000000,0,0,0,ALCACHOFAS X KG IMPORTADA  ,
022050,00000000220507,00,0003350,00,000,0,000,000,00000000,0,0,0,BANANA KARAPE ECONOMICA X K,
022227,00000000222273,00,0017150,00,000,0,000,000,00000000,0,0,0,COCO VERDE                 ,
022258,00000000222587,00,0021300,00,000,0,000,000,00000000,0,0,0,SANDIA JAPONES X KL        ,
022453,00000000224536,00,0032800,00,000,0,000,000,00000000,0,0,0,CHAUCHA EN BANDEJA X KG    ,
022515,00000000225151,00,0008450,00,000,0,000,000,00000000,1,0,0,LECHUGA PIRAT PAQ SELEC    ,
022542,00000000225427,00,0128550,00,000,0,000,000,00000000,0,0,0,CAJU EN BANDEJA            ,
022666,00000000226660,00,0005700,00,000,0,000,000,00000000,0,0,0,LIMON JAPONES              ,
022668,00000000226684,00,0314300,00,000,0,000,000,00000000,0,0,0,GROSELLA X KILOS           ,
023025,00000000230254,00,0003150,00,000,0,000,000,00000000,1,0,0,CHAUCHA  X MAZO            ,
023028,00000000230285,00,0001900,00,000,0,000,000,00000000,1,0,0,RUDA X MAZO                ,
023043,00000000230438,00,0014300,00,000,0,000,000,00000000,0,0,0,PEPINILLO X KILO           ,
023112,00000000231121,00,0021450,00,000,0,000,000,00000000,0,0,0,CALABAZA CALABAZA GIGANTE  ,
023127,00000000231275,00,0006950,00,000,0,000,000,00000000,0,0,0,PAPA X KILO                ,
023149,00000000231497,00,0001350,00,000,0,000,000,00000000,1,0,0,KOBE ORGANICO              ,
023164,00000000231640,00,0021450,00,000,0,000,000,00000000,0,0,0,KAKI NACIONAL X KG         ,
023711,00000000237116,00,0009300,00,000,0,000,000,00000000,0,0,0,BATATA ROJA BRASIL 1KG     ,
023716,00000000237161,00,0030000,00,000,0,000,000,00000000,0,0,0,UVA MOSCATE X KILO         ,
023739,00000000237390,00,0006550,00,000,0,000,000,00000000,0,0,0,NARANJA MALLA BRASIL 1KG   ,
023765,00000000237659,00,0029550,00,000,0,000,000,00000000,0,0,0,DURAZNO ARG BJA X KG S E   ,
023767,00000000237673,00,0075550,00,000,0,000,000,00000000,0,0,0,KIWI BJA X KG S E          ,
023771,00000000237710,00,0006550,00,000,0,000,000,00000000,0,0,0,NARANJA NAC   BJA  X KG S E,
023772,00000000237727,00,0024650,00,000,0,000,000,00000000,0,0,0,MAMON CHICO BJA X KG S E   ,
023773,00000000237734,00,0022800,00,000,0,000,000,00000000,0,0,0,MAMON GRANDE BJA X KG S E  ,
023774,00000000237741,00,0013950,00,000,0,000,000,00000000,0,0,0,MANZANA COLEG  BJA X KG S E,
023823,00000000238236,00,0024300,00,000,0,000,000,00000000,0,0,0,NARANJA BRASIL BAHIA S E X ,
023839,00000000238397,00,0018550,00,000,0,000,000,00000000,0,0,0,MANZANA GALA 1 MIMOSA 1KG  ,
023848,00000000238489,00,0010000,00,000,0,000,000,00000000,0,0,0,LOCOTE VERDE ECONOMICO X KG,
023892,00000000238922,00,0021450,00,000,0,000,000,00000000,0,0,0,LIMA DE PERSIA X KG        ,
023920,00000000239202,00,0092850,00,000,0,000,000,00000000,0,0,0,ZANAHORIA BABY X KG        ,
023930,00000000239301,00,0032500,00,000,0,000,000,00000000,0,0,0,TOMATE CHERRY ORGA X KG KOE,
024545,00000000245456,00,0128550,00,000,0,000,000,00000000,0,0,0,LITCHI X KG S E            ,
031747,00000000317474,00,0022850,00,000,0,000,000,00000000,0,0,0,CEBOLLA BLANCA X KG        ,
033953,00000000339537,00,0003050,00,000,0,000,000,00000000,0,0,0,ZANAHORIA ECONOMICO X KG   ,
037755,00000000377553,00,0018550,00,000,0,000,000,00000000,0,0,0,UVA KIOHO X KG             ,
037804,00000000378048,00,0055300,00,000,0,000,000,00000000,0,0,0,FRUTILLA EXTRA EN BANDEJA X,
037823,00000000378239,00,0032850,00,000,0,000,000,00000000,0,0,0,MANZANA FUJI X KG          ,
037842,00000000378420,00,0027050,00,000,0,000,000,00000000,0,0,0,PERA SUPER EXTRA EN BANDEJA,
037847,00000000378475,00,0020500,00,000,0,000,000,00000000,0,0,0,AJI PICANTE ECOLOG KOEJU   ,
037927,00000000379274,00,0006350,00,000,0,000,000,00000000,1,0,0,FLOR DE COCO               ,
037980,00000000379809,00,0164250,00,000,0,000,000,00000000,0,0,0,KINOTO EXTRA EN BANDEJA    ,
037982,00000000379823,00,0006550,00,000,0,000,000,00000000,0,0,0,ZAPALLO EXTRA PLASTIFICADO ,
037983,00000000379830,00,0005500,00,000,0,000,000,00000000,0,0,0,ZAPALLO NAC PLASTIFICADO   ,
038130,00000000381307,00,0009100,00,000,0,000,000,00000000,0,0,0,BANANA KARAPE E MALLA KG  x,
038433,00000000384339,00,0016100,00,000,0,000,000,00000000,0,0,0,REPOLLO MORADO PLASTIFICADO,
038540,00000000385404,00,0006850,00,000,0,000,000,00000000,1,0,0,ESPINACA CANADIENSE        ,
038723,00000000387231,00,0034500,00,000,0,000,000,00000000,0,0,0,COLIFLOR EN BANDEJA X KG   ,
039029,00000000390293,00,0037750,00,000,0,000,000,00000000,0,0,0,UVA ROSADA EXTRA E BANDEJA ,
039183,00000000391832,00,0071450,00,000,0,000,000,00000000,0,0,0,ACEROLA KG                 ,
039185,00000000391856,00,0034500,00,000,0,000,000,00000000,0,0,0,AJI PICANTE EXTRA EN BANDEJ,
039186,00000000391863,00,0025450,00,000,0,000,000,00000000,0,0,0,JENGIBRE EXTRA EN BANDEJA  ,
039187,00000000391870,00,0114300,00,000,0,000,000,00000000,0,0,0,ALCAUCIL X KL SIN MARCA    ,
039197,00000000391979,00,0021450,00,000,0,000,000,00000000,0,0,0,BERENJENITA KG             ,
039223,00000000392235,00,0035700,00,000,0,000,000,00000000,0,0,0,GILO   x 1                 ,
039225,00000000392259,00,0009950,00,000,0,000,000,00000000,0,0,0,GROSELLA FRUTA S E X KG    ,
039231,00000000392310,00,0008800,00,000,0,000,000,00000000,0,0,0,LIMON TAHITI EN MALLA      ,
039244,00000000392440,00,0033050,00,000,0,000,000,00000000,0,0,0,LOCOTE AMARILLO EN BANDEJA ,
039324,00000000393249,00,0015700,00,000,0,000,000,00000000,0,0,0,ZAPALLO NARANJADO          ,
039329,00000000393294,00,0020000,00,000,0,000,000,00000000,0,0,0,SANDIA AMARILLA X KG       ,
039339,00000000393393,00,0016400,00,000,0,000,000,00000000,0,0,0,CEBOLLA MORADA EXTRA EN MAL,
039341,00000000393416,00,0037750,00,000,0,000,000,00000000,0,0,0,MANZANA FUJI EXTRA EN BANDE,
039342,00000000393423,00,0200000,00,000,0,000,000,00000000,0,0,0,MORA ZARZAMORA             ,
039345,00000000393454,00,0004400,00,000,0,000,000,00000000,0,0,0,CEBOLLA ECONOMICA X KG     ,
039356,00000000393560,00,0065700,00,000,0,000,000,00000000,0,0,0,KAKI EXTRA EN BANDEJA      ,
039986,00000000399869,00,0016650,00,000,0,000,000,00000000,0,0,0,VERDURAS SURTIDAS AL VACIO ,
039987,00000000399876,00,0017500,00,000,0,000,000,00000000,0,0,0,ZANAHORIA AL VACIO X KG    ,
039989,00000000399890,00,0007900,00,000,0,000,000,00000000,0,0,0,ZAPALLO NACIONAL AL VACIO X,
039990,00000000399906,00,0016000,00,000,0,000,000,00000000,0,0,0,REMOLACHA AL VACIO X KG    ,
039992,00000000399920,00,0010400,00,000,0,000,000,00000000,0,0,0,CEBOLLA AL VACIO           ,
039994,00000000399944,00,0010500,00,000,0,000,000,00000000,0,0,0,ENSALADA RUSA AL VACIO     ,
040234,00000000402347,00,0228550,00,000,0,000,000,00000000,0,0,0,MANGOSTINO  X  KG          ,
040259,00000000402590,00,0008550,00,000,0,000,000,00000000,0,0,0,PAPA MORADA X KG           ,
040271,00000000402712,00,0050000,00,000,0,000,000,00000000,0,0,0,UVA BLANCA SIN SEMILLA     ,
040274,00000000402743,00,0009100,00,000,0,000,000,00000000,0,0,0,SANDIA EN PEDAZO PLASTIFICA,
040275,00000000402750,00,0114300,00,000,0,000,000,00000000,0,0,0,TAMARINDO EN PAQUETE       ,
040284,00000000402842,00,0020000,00,000,0,000,000,00000000,0,0,0,POMELO ORGANICA            ,
040296,00000000402965,00,0034500,00,000,0,000,000,00000000,0,0,0,GUAYABA EXTRA EN BANDEJA   ,
040323,00000000403238,00,0019700,00,000,0,000,000,00000000,0,0,0,ACELGA JAPONESA SELECCIONAD,
040773,00000000407731,00,0006850,00,000,0,000,000,00000000,0,0,0,NARANJA VALENCIA X KG      ,
040874,00000000408745,00,0022850,00,000,0,000,000,00000000,0,0,0,BATATA KARAA               ,
041259,00000000412599,00,0006350,00,000,0,000,000,00000000,1,0,0,PALMA C DECORADO           ,
041316,00000000413169,00,0042850,00,000,0,000,000,00000000,0,0,0,AJI PICANTITO EN BANDEJA   ,
041736,00000000417365,00,0006350,00,000,0,000,000,00000000,1,0,0,PALMA S DECORADO           ,
041869,00000000418690,00,0038550,00,000,0,000,000,00000000,0,0,0,JACA X KILOGRAMO           ,
041871,00000000418713,00,0009500,00,000,0,000,000,00000000,1,0,0,BANANA KARAPE EN BANDEJA   ,
042256,00000000422567,00,0054300,00,000,0,000,000,00000000,0,0,0,GRAVIOLA X KG              ,
042264,00000000422642,00,0021450,00,000,0,000,000,00000000,0,0,0,MELON SAPO XKG             ,
042265,00000000422659,00,0200000,00,000,0,000,000,00000000,0,0,0,MORA X KILOS               ,
042266,00000000422666,00,0142850,00,000,0,000,000,00000000,0,0,0,PITAYA X KG                ,
042267,00000000422673,00,0020000,00,000,0,000,000,00000000,0,0,0,SANDIA BABY XKG            ,
044600,00000000446006,00,0192850,00,000,0,000,000,00000000,0,0,0,ARANDANO X KG              ,
044602,00000000446020,00,0007950,00,000,0,000,000,00000000,1,0,0,LECHUGA PIRATI SUPER XUND  ,
044603,00000000446037,00,0007950,00,000,0,000,000,00000000,1,0,0,LECHUGA MORADA SUPER UND   ,
044604,00000000446044,00,0007950,00,000,0,000,000,00000000,1,0,0,LECHUGA MIMOSA SUPER UND   ,
044605,00000000446051,00,0007950,00,000,0,000,000,00000000,1,0,0,LECHUGA MANTECA SUPER UND  ,
044606,00000000446068,00,0007950,00,000,0,000,000,00000000,1,0,0,LECHUGA BLANCA SUPER UND   ,
044661,00000000446617,00,0028550,00,000,0,000,000,00000000,0,0,0,UVA NIAGARA XKG S E        ,
044692,00000000446921,00,0017850,00,000,0,000,000,00000000,0,0,0,MELON JAPONES IMPORTADO XKG,
044696,00000000446969,00,0078550,00,000,0,000,000,00000000,0,0,0,FRAMBUESA XKG S E          ,
044707,00000000447072,00,0178550,00,000,0,000,000,00000000,0,0,0,HIGO DE LA INDIA XKG S E   ,
044713,00000000447133,00,0017150,00,000,0,000,000,00000000,0,0,0,PLATANO X KG               ,
044720,00000000447201,00,0028550,00,000,0,000,000,00000000,0,0,0,NASU XKG S ENVASE          ,
044721,00000000447218,00,0041450,00,000,0,000,000,00000000,0,0,0,TOMATE TIPO HOLANDES X KG  ,
045535,00000000455350,00,0007550,00,000,0,000,000,00000000,0,0,0,BANANA ROJA 1KG S E        ,
045804,00000000458047,00,0192850,00,000,0,000,000,00000000,0,0,0,RAMBUTAN S E X KG          ,
045842,00000000458429,00,0031450,00,000,0,000,000,00000000,0,0,0,MANDIOQUI A X KILO S E     ,
045843,00000000458436,00,0032850,00,000,0,000,000,00000000,0,0,0,KAKI CHOCOLATE X KILO S E  ,
045844,00000000458443,00,0028550,00,000,0,000,000,00000000,0,0,0,CACAO X KILO S E           ,
045845,00000000458450,00,0035700,00,000,0,000,000,00000000,0,0,0,COPOAZU X KILO S E         ,
045846,00000000458467,00,0092850,00,000,0,000,000,00000000,0,0,0,TOMATE UVA X KILO S E      ,
045875,00000000458757,00,0142850,00,000,0,000,000,00000000,0,0,0,PITAYA AMARILLA X KG       ,
045876,00000000458764,00,0114300,00,000,0,000,000,00000000,0,0,0,DATILES TAMARA             ,
045878,00000000458788,00,0050000,00,000,0,000,000,00000000,0,0,0,KIWI S E 1 KG BLANCO       ,
045879,00000000458795,00,0207150,00,000,0,000,000,00000000,0,0,0,PHYSALIS X KG S E          ,
045951,00000000459518,00,0114300,00,000,0,000,000,00000000,0,0,0,CUCURMA S E X KG           ,
046048,00000000460484,00,0142850,00,000,0,000,000,00000000,0,0,0,ARANDANO NACIONAL X KL     ,
046049,00000000460491,00,0057150,00,000,0,000,000,00000000,0,0,0,MORA NACIONAL X KL         ,
046050,00000000460507,00,0040000,00,000,0,000,000,00000000,0,0,0,MELON SAN CAETANO X KL     ,
046051,00000000460514,00,0028550,00,000,0,000,000,00000000,0,0,0,CLARITA X KL               ,
046052,00000000460521,00,0071450,00,000,0,000,000,00000000,0,0,0,TOMATE KAKI X KL           ,
046053,00000000460538,00,0035700,00,000,0,000,000,00000000,0,0,0,CIRUELA AMARILLA X KL      ,
046091,00000000460910,00,0121450,00,000,0,000,000,00000000,0,0,0,JALAPE OS X KG             ,
046147,00000000461474,00,0050000,00,000,0,000,000,00000000,0,0,0,NONI X KG S E              ,
046172,00000000461726,00,0064300,00,000,0,000,000,00000000,0,0,0,ABOCADO X KG S E           ,
057096,00000000570961,00,0008650,00,000,0,000,000,00000000,0,0,0,NARANJA IMPORT  EN BANDEJA ,
057121,00000000571210,00,0042850,00,000,0,000,000,00000000,0,0,0,MORRONES SURTIDOS X KG S E ,
057122,00000000571227,00,0049950,00,000,0,000,000,00000000,0,0,0,CHILES VERDES X KG S E     ,
057155,00000000571555,00,0121450,00,000,0,000,000,00000000,0,0,0,LOCOTE HABANERO XKG S E    ,
057395,00000000573955,00,0057150,00,000,0,000,000,00000000,0,0,0,LOCOTE PALERMO X KG S E    ,
057947,00000000579476,00,0019100,00,000,0,000,000,00000000,1,0,0,BROTES VARIOS KOEJU XUN BJA,
057948,00000000579483,00,0011750,00,000,0,000,000,00000000,1,0,0,FLORES COMESTIBLES KOEJU XU,
058231,00000000582315,00,0001650,00,000,0,000,000,00000000,1,0,0,EUCALIPTO MENTOLADO X MAZO ,
058676,00000000586764,00,0022100,00,000,0,000,000,00000000,1,0,0,RUCULA MORADA ORGANICA KOEJ,
058677,00000000586771,00,0008600,00,000,0,000,000,00000000,1,0,0,HOJA DE CAPUCCINA ORGANICA ,
058678,00000000586788,00,0007400,00,000,0,000,000,00000000,1,0,0,YERBA BUENA ORGANICA KOEJU ,
058679,00000000586795,00,0008700,00,000,0,000,000,00000000,1,0,0,MENTA INGLESA ORGANICA KOEJ,
058680,00000000586801,00,0010000,00,000,0,000,000,00000000,1,0,0,TOMILLO ORGANICO KOEJU BJA ,
058681,00000000586818,00,0015600,00,000,0,000,000,00000000,1,0,0,RUCULA BABY ORGANIC KOEJU B,
058682,00000000586825,00,0010000,00,000,0,000,000,00000000,1,0,0,ROMERO ORGANICO KOEJU BJA X,
058683,00000000586832,00,0006500,00,000,0,000,000,00000000,1,0,0,ZANAHORIA BABY C HOJAS KOEJ,
058684,00000000586849,00,0025350,00,000,0,000,000,00000000,1,0,0,MACETA DE AROMATICAS KOEJU ,
058685,00000000586856,00,0012500,00,000,0,000,000,00000000,1,0,0,RUCULA WASABI ORGANICA KOEJ,
058705,00000000587051,00,0020250,00,000,0,000,000,00000000,1,0,0,KALE X UNIDAD              ,
058706,00000000587068,00,0003800,00,000,0,000,000,00000000,1,0,0,KALE NACIONAL X UN         ,
058891,00000000588911,00,0050000,00,000,0,000,000,00000000,0,0,0,AJI AMARILLO X KG          ,
058892,00000000588928,00,0020550,00,000,0,000,000,00000000,0,0,0,MANDARINA ESPECIAL XKG     ,
059148,00000000591485,00,0003900,00,000,0,000,000,00000000,1,0,0,ACELGA PENCA ORG NARANJA XU,
059149,00000000591492,00,0003900,00,000,0,000,000,00000000,1,0,0,ACELGA PENCA ORG  ROJA X UN,
059159,00000000591591,00,0013650,00,000,0,000,000,00000000,0,0,0,RADICCHIO ORG  ROSSO X KG  ,
059161,00000000591614,00,0039000,00,000,0,000,000,00000000,0,0,0,COL DE BRUSELAS PAQ X KG   ,
059162,00000000591621,00,0003900,00,000,0,000,000,00000000,1,0,0,KALE ORG  X MAZO           ,
059163,00000000591638,00,0013000,00,000,0,000,000,00000000,0,0,0,BERENJENA AMARILLA BANDEJA ,
059164,00000000591645,00,0065000,00,000,0,000,000,00000000,0,0,0,MUELLE SANGRIENTO POTE X KG,
059165,00000000591652,00,0052000,00,000,0,000,000,00000000,0,0,0,TOMATE CERRY GOURMET POTE X,
059166,00000000591669,00,0104000,00,000,0,000,000,00000000,0,0,0,AJI PICANTE GOURMET POTE X ,
059251,00000000592512,00,0005950,00,000,0,000,000,00000000,1,0,0,COMBO FYV EN MALLA X UN    ,
059287,00000000592871,00,0014350,00,000,0,000,000,00000000,0,0,0,MANZANA COLEGIALA EN PAQ X ,
059288,00000000592888,00,0014950,00,000,0,000,000,00000000,0,0,0,MANZANA SUPER EN PAQ  X KG ,
059289,00000000592895,00,0016400,00,000,0,000,000,00000000,0,0,0,MANZANA VERDE EN PAQ  X KG ,
059290,00000000592901,00,0034350,00,000,0,000,000,00000000,0,0,0,MANZANA FUJI EN PAQ  X KG  ,
059291,00000000592918,00,0006700,00,000,0,000,000,00000000,0,0,0,NARANJA EN PAQ X KG        ,
059292,00000000592925,00,0008650,00,000,0,000,000,00000000,0,0,0,LIMON TAHITI EN PAQ X KG   ,
059293,00000000592932,00,0018800,00,000,0,000,000,00000000,0,0,0,LOCOTE VERDE EN PAQ X KG   ,
059294,00000000592949,00,0031350,00,000,0,000,000,00000000,0,0,0,LOCOTE AMARILLO EN PAQ X KG,
059295,00000000592956,00,0029850,00,000,0,000,000,00000000,0,0,0,LOCOTE ROJO EN PAQ X KG    ,
059296,00000000592963,00,0012700,00,000,0,000,000,00000000,0,0,0,PERA EN PAQ X KG           ,
059297,00000000592970,00,0009700,00,000,0,000,000,00000000,0,0,0,BATATA EN PAQ X KG         ,
059298,00000000592987,00,0014950,00,000,0,000,000,00000000,0,0,0,CEBOLLA MORADA EN PAQ X KG ,
059299,00000000592994,00,0010450,00,000,0,000,000,00000000,0,0,0,MANDARINA EN PAQ X KG      ,
059303,00000000593038,00,0011500,00,000,0,000,000,00000000,0,0,0,PAPA BLANCA EN PAQ X KG    ,
059304,00000000593045,00,0010450,00,000,0,000,000,00000000,0,0,0,PEPINO EN PAQ X KG         ,
059305,00000000593052,00,0010450,00,000,0,000,000,00000000,0,0,0,REMOLACHA EN PAQ X KG      ,
059306,00000000593069,00,0014200,00,000,0,000,000,00000000,0,0,0,TOMATE STA CRUZ EN PAQ X KG,
059307,00000000593076,00,0016400,00,000,0,000,000,00000000,0,0,0,TOMATE LISA EN PAQ X KG    ,
059308,00000000593083,00,0013150,00,000,0,000,000,00000000,0,0,0,ZANAHORIA EN PAQ X KG      ,
059309,00000000593090,00,0026850,00,000,0,000,000,00000000,0,0,0,DURAZNO EN PAQ X KG        ,
059310,00000000593106,00,0029850,00,000,0,000,000,00000000,0,0,0,PELON EN PAQ X KG          ,
059320,00000000593205,00,0026850,00,000,0,000,000,00000000,0,0,0,CIRUELA EN PAQ X KG        ,
059450,00000000594509,00,0003950,00,000,0,000,000,00000000,0,0,0,COLINABO ORG XKG           ,
090000,00000000900003,00,0015700,00,000,0,000,000,00000000,0,0,0,MANZANA S E 1 KG VERDE VERD,
090001,00000000900010,00,0013550,00,000,0,000,000,00000000,0,0,0,MANZANA S E 1 KG ROJO IMPRT,
090002,00000000900027,00,0012150,00,000,0,000,000,00000000,0,0,0,MANZANA S E 1 COLEGIALA    ,
090003,00000000900034,00,0012650,00,000,0,000,000,00000000,0,0,0,MANZANA SUPER X KG         ,
090005,00000000900058,00,0023550,00,000,0,000,000,00000000,0,0,0,PERA S E 1 KG DE AGUA SUPER,
090006,00000000900065,00,0017850,00,000,0,000,000,00000000,0,0,0,BANANA S E 1 KG ORO        ,
090007,00000000900072,00,0007950,00,000,0,000,000,00000000,0,0,0,BANANA KARAPE X KG         ,
090008,00000000900089,00,0021450,00,000,0,000,000,00000000,0,0,0,MAMON CHICO BRASIL X KG    ,
090009,00000000900096,00,0019850,00,000,0,000,000,00000000,0,0,0,MAMON S E 1 KG GRANDE      ,
090010,00000000900102,00,0012050,00,000,0,000,000,00000000,0,0,0,UVA S E 1 KG BLANCA NACIONA,
090011,00000000900119,00,0025700,00,000,0,000,000,00000000,0,0,0,UVA S E 1 KG NEGRA NACIONAL,
090012,00000000900126,00,0032850,00,000,0,000,000,00000000,0,0,0,UVA S E 1 KG NEGRA BRASIL  ,
090013,00000000900133,00,0012050,00,000,0,000,000,00000000,0,0,0,UVA S E 1 KG ROSADA NACIONA,
090014,00000000900140,00,0065700,00,000,0,000,000,00000000,0,0,0,KIWI S E 1 KG              ,
090019,00000000900195,00,0004800,00,000,0,000,000,00000000,0,0,0,POMELO S E 1 KG NACIONAL   ,
090021,00000000900218,00,0025700,00,000,0,000,000,00000000,0,0,0,POMELO S E 1 KG ROJO       ,
090024,00000000900249,00,0007550,00,000,0,000,000,00000000,0,0,0,MANDARINA S E 1 KG MURCOT  ,
090025,00000000900256,00,0030000,00,000,0,000,000,00000000,0,0,0,GUAYABA S E 1 KG           ,
090026,00000000900263,00,0013000,00,000,0,000,000,00000000,0,0,0,MANGO S E 1 KG BRAZIL      ,
090027,00000000900270,00,0014300,00,000,0,000,000,00000000,0,0,0,MELON S E 1 KG BRASILERO   ,
090028,00000000900287,00,0014300,00,000,0,000,000,00000000,0,0,0,PI A S E 1 KG BRASILERO    ,
090029,00000000900294,00,0014550,00,000,0,000,000,00000000,0,0,0,PI A S E 1 KG NACIONAL     ,
090030,00000000900300,00,0006100,00,000,0,000,000,00000000,0,0,0,SANDIA X KG                ,
090031,00000000900317,00,0035700,00,000,0,000,000,00000000,0,0,0,AGUACATE X KG              ,
090032,00000000900324,00,0005700,00,000,0,000,000,00000000,0,0,0,CARAMBOLA S E 1 KG         ,
090033,00000000900331,00,0024300,00,000,0,000,000,00000000,0,0,0,MBURUCUYA S E 1 KG         ,
090034,00000000900348,00,0018550,00,000,0,000,000,00000000,0,0,0,COCO S E 1 KG MARRON       ,
090035,00000000900355,00,0014500,00,000,0,000,000,00000000,0,0,0,MANZANA EN BANDEJA BJA 1 KG,
090036,00000000900362,00,0018050,00,000,0,000,000,00000000,0,0,0,MANZANA VERDE EXTRA EN BAND,
090038,00000000900386,00,0006350,00,000,0,000,000,00000000,0,0,0,NARANJA EN BANDEJA BJA 1 KG,
090042,00000000900423,00,0007950,00,000,0,000,000,00000000,0,0,0,REPOLLO S E 1 KG BLANCO    ,
090043,00000000900430,00,0013450,00,000,0,000,000,00000000,0,0,0,REPOLLO S E 1 KG MORADO    ,
090044,00000000900447,00,0011000,00,000,0,000,000,00000000,0,0,0,PAPA BLANCA BRASIL S E X KG,
090047,00000000900478,00,0005450,00,000,0,000,000,00000000,0,0,0,MANDIOCA S E 1 KG          ,
090048,00000000900485,00,0013950,00,000,0,000,000,00000000,0,0,0,TOMATE LISA S E 1 KG       ,
090049,00000000900492,00,0011850,00,000,0,000,000,00000000,0,0,0,TOMATE S E 1 KG SANTA CRUZ ,
090050,00000000900508,00,0054300,00,000,0,000,000,00000000,0,0,0,LOCOTE S E 1 KG LILA       ,
090051,00000000900515,00,0014300,00,000,0,000,000,00000000,0,0,0,LOCOTE ROJO S E  KG NACIONA,
090052,00000000900522,00,0015950,00,000,0,000,000,00000000,0,0,0,LOCOTE S E 1 KG VERDE      ,
090053,00000000900539,00,0028750,00,000,0,000,000,00000000,0,0,0,LOCOTE S E 1 KG AMARILLO   ,
090056,00000000900560,00,0010000,00,000,0,000,000,00000000,0,0,0,REMOLACHA S E 1 KG         ,
090057,00000000900577,00,0015000,00,000,0,000,000,00000000,0,0,0,BERENJENA S E X KG         ,
090058,00000000900584,00,0010700,00,000,0,000,000,00000000,0,0,0,CHUCHU S E 1 KG            ,
090059,00000000900591,00,0031350,00,000,0,000,000,00000000,0,0,0,ARVEJA S E 1 KG            ,
090060,00000000900607,00,0005150,00,000,0,000,000,00000000,0,0,0,BATATA S E 1 KG BLANCA     ,
090061,00000000900614,00,0004100,00,000,0,000,000,00000000,0,0,0,BATATA S E 1 KG ROJA       ,
090062,00000000900621,00,0011450,00,000,0,000,000,00000000,0,0,0,CALABACITA S E 1 KG BRAZIL ,
090064,00000000900645,00,0013950,00,000,0,000,000,00000000,0,0,0,CHOCLO S E 1 KG DESGRANADO ,
090065,00000000900652,00,0017150,00,000,0,000,000,00000000,0,0,0,ACELGA S E 1 KG JAPONES    ,
090066,00000000900669,00,0022150,00,000,0,000,000,00000000,0,0,0,GENGIBRE S E 1 KG          ,
090067,00000000900676,00,0028550,00,000,0,000,000,00000000,0,0,0,CHAUCHA S E 1 KG CORTA     ,
090068,00000000900683,00,0004800,00,000,0,000,000,00000000,0,0,0,ZAPALLO S E 1 KG NACIONAL  ,
090070,00000000900706,00,0008550,00,000,0,000,000,00000000,0,0,0,ZAPALLITO DE TRONCO X KG   ,
090071,00000000900713,00,0012100,00,000,0,000,000,00000000,0,0,0,ZANAHORIA EN BANDEJA BJA 1 ,
090072,00000000900720,00,0016000,00,000,0,000,000,00000000,0,0,0,TOMATE LISA X KG EN BANDEJA,
090073,00000000900737,00,0031500,00,000,0,000,000,00000000,0,0,0,LOCOTE ROJO EXTRA EN BANDEJ,
090074,00000000900744,00,0018300,00,000,0,000,000,00000000,0,0,0,LOCOTE VERDE EXTRA EN BANDE,
090078,00000000900782,00,0008000,00,000,0,000,000,00000000,0,0,0,PAPA EN MALLA X KILO       ,
090079,00000000900799,00,0007300,00,000,0,000,000,00000000,0,0,0,CEBOLLA EN MALLA MLL 1 KG A,
090304,00000000903042,00,0035000,00,000,0,000,000,00000000,0,0,0,PERA S E 1 KG ROJA         ,
090305,00000000903059,00,0005700,00,000,0,000,000,00000000,0,0,0,NARANJA S E X KG           ,
090306,00000000903066,00,0024300,00,000,0,000,000,00000000,0,0,0,LIMON S E 1 KG EURECA      ,
090310,00000000903103,00,0100000,00,000,0,000,000,00000000,0,0,0,DAMASCO IMPORTADA          ,
090311,00000000903110,00,0040000,00,000,0,000,000,00000000,0,0,0,KIABO S E 1 KG             ,
090321,00000000903219,00,0029150,00,000,0,000,000,00000000,0,0,0,MBURUCUYA EN BANDEJA BJA 1 ,
090324,00000000903240,00,0008450,00,000,0,000,000,00000000,0,0,0,LIMON EN MALLA MLL 1 KG TAI,
