011003	00000000110037	CHOCLO S E 1 UN ESPIGA     		0	0003350	0	0	1	1	0	0	0	000	0	1	1	1	1	0	0	0	0	0	0	0	0	0	0	0	0	0	1	0	0	0	0	0	0	0	0	0	0	0	0	0	0	0	0	0	0	0	0	0	0	0	0	0	0	0	
011006	00000000110068	COLIFLOR S E 1 KG SUPER    		0	0030000	0	0	0	1	0	0	0	000	0	1	1	1	1	0	0	0	0	0	0	0	0	0	0	0	0	0	1	0	0	0	0	0	0	0	0	0	0	0	0	0	0	0	0	0	0	0	0	0	0	0	0	0	0	0	
011007	00000000110075	LECHUGA S E 1 KG REPOLLADA 		0	0021500	0	0	0	1	0	0	0	000	0	1	1	1	1	0	0	0	0	0	0	0	0	0	0	0	0	0	1	0	0	0	0	0	0	0	0	0	0	0	0	0	0	0	0	0	0	0	0	0	0	0	0	0	0	0	
011009	00000000110099	LECHUGA LAVADA             		0	0007950	0	0	1	1	0	0	0	000	0	1	1	1	1	0	0	0	0	0	0	0	0	0	0	0	0	0	1	0	0	0	0	0	0	0	0	0	0	0	0	0	0	0	0	0	0	0	0	0	0	0	0	0	0	0	
011010	00000000110105	LECHUGA PIRATI ECOLOGICA X 		0	0007250	0	0	1	1	0	0	0	000	0	1	1	1	1	0	0	0	0	0	0	0	0	0	0	0	0	0	1	0	0	0	0	0	0	0	0	0	0	0	0	0	0	0	0	0	0	0	0	0	0	0	0	0	0	0	
011015	00000000110150	HINOJO S E 1 UN ORGANICO   		0	0002750	0	0	1	1	0	0	0	000	0	1	1	1	1	0	0	0	0	0	0	0	0	0	0	0	0	0	1	0	0	0	0	0	0	0	0	0	0	0	0	0	0	0	0	0	0	0	0	0	0	0	0	0	0	0	
011017	00000000110174	PEREJIL S E 1 MZ ORGANICO  		0	0001100	0	0	1	1	0	0	0	000	0	1	1	1	1	0	0	0	0	0	0	0	0	0	0	0	0	0	1	0	0	0	0	0	0	0	0	0	0	0	0	0	0	0	0	0	0	0	0	0	0	0	0	0	0	0	
011019	00000000110198	KURATU S E 1 MZ ORGANICO   		0	0002250	0	0	1	1	0	0	0	000	0	1	1	1	1	0	0	0	0	0	0	0	0	0	0	0	0	0	1	0	0	0	0	0	0	0	0	0	0	0	0	0	0	0	0	0	0	0	0	0	0	0	0	0	0	0	
011023	00000000110235	PUERRO S E 1 UN ORGANICO   		0	0003800	0	0	1	1	0	0	0	000	0	1	1	1	1	0	0	0	0	0	0	0	0	0	0	0	0	0	1	0	0	0	0	0	0	0	0	0	0	0	0	0	0	0	0	0	0	0	0	0	0	0	0	0	0	0	
011028	00000000110280	CEBOLLITA DE HOJA S E 1 UN 		0	0001350	0	0	1	1	0	0	0	000	0	1	1	1	1	0	0	0	0	0	0	0	0	0	0	0	0	0	1	0	0	0	0	0	0	0	0	0	0	0	0	0	0	0	0	0	0	0	0	0	0	0	0	0	0	0	
011139	00000000111393	LECHUGA S E 1 UN BLANCA    		0	0008450	0	0	1	1	0	0	0	000	0	1	1	1	1	0	0	0	0	0	0	0	0	0	0	0	0	0	1	0	0	0	0	0	0	0	0	0	0	0	0	0	0	0	0	0	0	0	0	0	0	0	0	0	0	0	
011140	00000000111409	LECHUGA S E 1 UN MORADA    		0	0008450	0	0	1	1	0	0	0	000	0	1	1	1	1	0	0	0	0	0	0	0	0	0	0	0	0	0	1	0	0	0	0	0	0	0	0	0	0	0	0	0	0	0	0	0	0	0	0	0	0	0	0	0	0	0	
011142	00000000111423	BROCOLI S E 1 MZ ORGANICO  		0	0011600	0	0	1	1	0	0	0	000	0	1	1	1	1	0	0	0	0	0	0	0	0	0	0	0	0	0	1	0	0	0	0	0	0	0	0	0	0	0	0	0	0	0	0	0	0	0	0	0	0	0	0	0	0	0	
011143	00000000111430	RUCULA S E 1 MZ ORGANICO   		0	0002650	0	0	1	1	0	0	0	000	0	1	1	1	1	0	0	0	0	0	0	0	0	0	0	0	0	0	1	0	0	0	0	0	0	0	0	0	0	0	0	0	0	0	0	0	0	0	0	0	0	0	0	0	0	0	
011208	00000000112086	BANANA ECUATORIANA         		0	0030000	0	0	0	1	0	0	0	000	0	1	1	1	1	0	0	0	0	0	0	0	0	0	0	0	0	0	1	0	0	0	0	0	0	0	0	0	0	0	0	0	0	0	0	0	0	0	0	0	0	0	0	0	0	0	
011209	00000000112093	UVA S E 1 KG BLANCA BRASIL 		0	0032850	0	0	0	1	0	0	0	000	0	1	1	1	1	0	0	0	0	0	0	0	0	0	0	0	0	0	1	0	0	0	0	0	0	0	0	0	0	0	0	0	0	0	0	0	0	0	0	0	0	0	0	0	0	0	
011210	00000000112109	NARANJA OMBLIGO KG         		0	0005700	0	0	0	1	0	0	0	000	0	1	1	1	1	0	0	0	0	0	0	0	0	0	0	0	0	0	1	0	0	0	0	0	0	0	0	0	0	0	0	0	0	0	0	0	0	0	0	0	0	0	0	0	0	0	
011214	00000000112147	LIMON S E 1 KG SUTIL       		0	0022850	0	0	0	1	0	0	0	000	0	1	1	1	1	0	0	0	0	0	0	0	0	0	0	0	0	0	1	0	0	0	0	0	0	0	0	0	0	0	0	0	0	0	0	0	0	0	0	0	0	0	0	0	0	0	
011215	00000000112154	LIMON S E 1 KG REAL        		0	0021450	0	0	0	1	0	0	0	000	0	1	1	1	1	0	0	0	0	0	0	0	0	0	0	0	0	0	1	0	0	0	0	0	0	0	0	0	0	0	0	0	0	0	0	0	0	0	0	0	0	0	0	0	0	0	
011216	00000000112161	MELON S E 1 KG NACIONAL    		0	0009850	0	0	0	1	0	0	0	000	0	1	1	1	1	0	0	0	0	0	0	0	0	0	0	0	0	0	1	0	0	0	0	0	0	0	0	0	0	0	0	0	0	0	0	0	0	0	0	0	0	0	0	0	0	0	
011217	00000000112178	MELON S E 1 KG JAPONESA    		0	0009850	0	0	0	1	0	0	0	000	0	1	1	1	1	0	0	0	0	0	0	0	0	0	0	0	0	0	1	0	0	0	0	0	0	0	0	0	0	0	0	0	0	0	0	0	0	0	0	0	0	0	0	0	0	0	
011218	00000000112185	MELON S E 1 KG DELICIA     		0	0024300	0	0	0	1	0	0	0	000	0	1	1	1	1	0	0	0	0	0	0	0	0	0	0	0	0	0	1	0	0	0	0	0	0	0	0	0	0	0	0	0	0	0	0	0	0	0	0	0	0	0	0	0	0	0	
011224	00000000112246	DURAZNO NACIONAL S E 1 KG  		0	0017100	0	0	0	1	0	0	0	000	0	1	1	1	1	0	0	0	0	0	0	0	0	0	0	0	0	0	1	0	0	0	0	0	0	0	0	0	0	0	0	0	0	0	0	0	0	0	0	0	0	0	0	0	0	0	
011226	00000000112260	DURAZNO S E 1 KG ARGENTINA 		0	0024650	0	0	0	1	0	0	0	000	0	1	1	1	1	0	0	0	0	0	0	0	0	0	0	0	0	0	1	0	0	0	0	0	0	0	0	0	0	0	0	0	0	0	0	0	0	0	0	0	0	0	0	0	0	0	
011228	00000000112284	PELON S E 1 KG             		0	0025700	0	0	0	1	0	0	0	000	0	1	1	1	1	0	0	0	0	0	0	0	0	0	0	0	0	0	1	0	0	0	0	0	0	0	0	0	0	0	0	0	0	0	0	0	0	0	0	0	0	0	0	0	0	0	
011229	00000000112291	CEREZA S E X KG            		0	0121450	0	0	0	1	0	0	0	000	0	1	1	1	1	0	0	0	0	0	0	0	0	0	0	0	0	0	1	0	0	0	0	0	0	0	0	0	0	0	0	0	0	0	0	0	0	0	0	0	0	0	0	0	0	0	
011230	00000000112307	NISPERO S E 1 KG           		0	0100000	0	0	0	1	0	0	0	000	0	1	1	1	1	0	0	0	0	0	0	0	0	0	0	0	0	0	1	0	0	0	0	0	0	0	0	0	0	0	0	0	0	0	0	0	0	0	0	0	0	0	0	0	0	0	
011231	00000000112314	FRUTILLA S E NACIONAL X KG 		0	0048100	0	0	0	1	0	0	0	000	0	1	1	1	1	0	0	0	0	0	0	0	0	0	0	0	0	0	1	0	0	0	0	0	0	0	0	0	0	0	0	0	0	0	0	0	0	0	0	0	0	0	0	0	0	0	
011232	00000000112321	KAKI BRASILERO S E 1 KG    		0	0057150	0	0	0	1	0	0	0	000	0	1	1	1	1	0	0	0	0	0	0	0	0	0	0	0	0	0	1	0	0	0	0	0	0	0	0	0	0	0	0	0	0	0	0	0	0	0	0	0	0	0	0	0	0	0	
011233	00000000112338	QUINOTO S E 1 KG           		0	0142850	0	0	0	1	0	0	0	000	0	1	1	1	1	0	0	0	0	0	0	0	0	0	0	0	0	0	1	0	0	0	0	0	0	0	0	0	0	0	0	0	0	0	0	0	0	0	0	0	0	0	0	0	0	0	
011234	00000000112345	CIRIMOYA S E 1 KG          		0	0064300	0	0	0	1	0	0	0	000	0	1	1	1	1	0	0	0	0	0	0	0	0	0	0	0	0	0	1	0	0	0	0	0	0	0	0	0	0	0	0	0	0	0	0	0	0	0	0	0	0	0	0	0	0	0	
011235	00000000112352	HIGO S E 1 KG              		0	0178550	0	0	0	1	0	0	0	000	0	1	1	1	1	0	0	0	0	0	0	0	0	0	0	0	0	0	1	0	0	0	0	0	0	0	0	0	0	0	0	0	0	0	0	0	0	0	0	0	0	0	0	0	0	0	
011238	00000000112383	UVA EN BANDEJA BJA 1 KG NEG		0	0037750	0	0	0	1	0	0	0	000	0	1	1	1	1	0	0	0	0	0	0	0	0	0	0	0	0	0	1	0	0	0	0	0	0	0	0	0	0	0	0	0	0	0	0	0	0	0	0	0	0	0	0	0	0	0	
011240	00000000112406	PERA DE AGUA EXTRA EN BANDE		0	0012350	0	0	0	1	0	0	0	000	0	1	1	1	1	0	0	0	0	0	0	0	0	0	0	0	0	0	1	0	0	0	0	0	0	0	0	0	0	0	0	0	0	0	0	0	0	0	0	0	0	0	0	0	0	0	
011247	00000000112475	UVA EN BANDEJA BJA 1 KG BLA		0	0036750	0	0	0	1	0	0	0	000	0	1	1	1	1	0	0	0	0	0	0	0	0	0	0	0	0	0	1	0	0	0	0	0	0	0	0	0	0	0	0	0	0	0	0	0	0	0	0	0	0	0	0	0	0	0	
011254	00000000112543	LIMON EN BANDEJA BJA 1 KG T		0	0008450	0	0	0	1	0	0	0	000	0	1	1	1	1	0	0	0	0	0	0	0	0	0	0	0	0	0	1	0	0	0	0	0	0	0	0	0	0	0	0	0	0	0	0	0	0	0	0	0	0	0	0	0	0	0	
011263	00000000112635	MANDARINA EN BANDEJA BJA 1 		0	0011000	0	0	0	1	0	0	0	000	0	1	1	1	1	0	0	0	0	0	0	0	0	0	0	0	0	0	1	0	0	0	0	0	0	0	0	0	0	0	0	0	0	0	0	0	0	0	0	0	0	0	0	0	0	0	
011265	00000000112659	CIRUELA ARGENTINA BJA 1 KG 		0	0028300	0	0	0	1	0	0	0	000	0	1	1	1	1	0	0	0	0	0	0	0	0	0	0	0	0	0	1	0	0	0	0	0	0	0	0	0	0	0	0	0	0	0	0	0	0	0	0	0	0	0	0	0	0	0	
011269	00000000112697	PELON EN BANDEJA BJA 1 KG A		0	0034250	0	0	0	1	0	0	0	000	0	1	1	1	1	0	0	0	0	0	0	0	0	0	0	0	0	0	1	0	0	0	0	0	0	0	0	0	0	0	0	0	0	0	0	0	0	0	0	0	0	0	0	0	0	0	
011278	00000000112789	ZANAHORIA MZ 6 UN ORGANICA 		0	0005200	0	0	1	1	0	0	0	000	0	1	1	1	1	0	0	0	0	0	0	0	0	0	0	0	0	0	1	0	0	0	0	0	0	0	0	0	0	0	0	0	0	0	0	0	0	0	0	0	0	0	0	0	0	0	
011284	00000000112840	LOCOTE S E 1 KG BLANCO     		0	0054300	0	0	0	1	0	0	0	000	0	1	1	1	1	0	0	0	0	0	0	0	0	0	0	0	0	0	1	0	0	0	0	0	0	0	0	0	0	0	0	0	0	0	0	0	0	0	0	0	0	0	0	0	0	0	
011286	00000000112864	RABANITO ORGANICO S E 1 UN 		0	0002350	0	0	1	1	0	0	0	000	0	1	1	1	1	0	0	0	0	0	0	0	0	0	0	0	0	0	1	0	0	0	0	0	0	0	0	0	0	0	0	0	0	0	0	0	0	0	0	0	0	0	0	0	0	0	
011287	00000000112871	REMOLACHA S E 1 MZ ORGANICO		0	0002450	0	0	1	1	0	0	0	000	0	1	1	1	1	0	0	0	0	0	0	0	0	0	0	0	0	0	1	0	0	0	0	0	0	0	0	0	0	0	0	0	0	0	0	0	0	0	0	0	0	0	0	0	0	0	
011294	00000000112949	AJI S E 1 KG ROJO          		0	0030000	0	0	0	1	0	0	0	000	0	1	1	1	1	0	0	0	0	0	0	0	0	0	0	0	0	0	1	0	0	0	0	0	0	0	0	0	0	0	0	0	0	0	0	0	0	0	0	0	0	0	0	0	0	0	
011337	00000000113373	ENDIVIA S E X KILO         		0	0082850	0	0	0	1	0	0	0	000	0	1	1	1	1	0	0	0	0	0	0	0	0	0	0	0	0	0	1	0	0	0	0	0	0	0	0	0	0	0	0	0	0	0	0	0	0	0	0	0	0	0	0	0	0	0	
011338	00000000113380	LECHUGA S E 1 UN BRICA     		0	0008450	0	0	1	1	0	0	0	000	0	1	1	1	1	0	0	0	0	0	0	0	0	0	0	0	0	0	1	0	0	0	0	0	0	0	0	0	0	0	0	0	0	0	0	0	0	0	0	0	0	0	0	0	0	0	
011349	00000000113496	REPOLLADA VERDE ECOLOGICA  		0	0011950	0	0	1	1	0	0	0	000	0	1	1	1	1	0	0	0	0	0	0	0	0	0	0	0	0	0	1	0	0	0	0	0	0	0	0	0	0	0	0	0	0	0	0	0	0	0	0	0	0	0	0	0	0	0	
011353	00000000113533	ESPINACA S E 1 MZ BLANCA   		0	0002050	0	0	1	1	0	0	0	000	0	1	1	1	1	0	0	0	0	0	0	0	0	0	0	0	0	0	1	0	0	0	0	0	0	0	0	0	0	0	0	0	0	0	0	0	0	0	0	0	0	0	0	0	0	0	
011354	00000000113540	ACELGA S E 1 MZ NACIONAL   		0	0002650	0	0	1	1	0	0	0	000	0	1	1	1	1	0	0	0	0	0	0	0	0	0	0	0	0	0	1	0	0	0	0	0	0	0	0	0	0	0	0	0	0	0	0	0	0	0	0	0	0	0	0	0	0	0	
011355	00000000113557	ACHICORIA S E 1 MZ ORGANICA		0	0001650	0	0	1	1	0	0	0	000	0	1	1	1	1	0	0	0	0	0	0	0	0	0	0	0	0	0	1	0	0	0	0	0	0	0	0	0	0	0	0	0	0	0	0	0	0	0	0	0	0	0	0	0	0	0	
011356	00000000113564	ALBAHACA S E 1 UN MORADA   		0	0001500	0	0	1	1	0	0	0	000	0	1	1	1	1	0	0	0	0	0	0	0	0	0	0	0	0	0	1	0	0	0	0	0	0	0	0	0	0	0	0	0	0	0	0	0	0	0	0	0	0	0	0	0	0	0	
011365	00000000113656	ALBAHACA S E 1 MZ HOJAS    		0	0001950	0	0	1	1	0	0	0	000	0	1	1	1	1	0	0	0	0	0	0	0	0	0	0	0	0	0	1	0	0	0	0	0	0	0	0	0	0	0	0	0	0	0	0	0	0	0	0	0	0	0	0	0	0	0	
011370	00000000113700	APIO S E 1 UN ORGANICA     		0	0003950	0	0	1	1	0	0	0	000	0	1	1	1	1	0	0	0	0	0	0	0	0	0	0	0	0	0	1	0	0	0	0	0	0	0	0	0	0	0	0	0	0	0	0	0	0	0	0	0	0	0	0	0	0	0	
011372	00000000113724	OREGANO S E 1 MZ ORGANICA  		0	0001100	0	0	1	1	0	0	0	000	0	1	1	1	1	0	0	0	0	0	0	0	0	0	0	0	0	0	1	0	0	0	0	0	0	0	0	0	0	0	0	0	0	0	0	0	0	0	0	0	0	0	0	0	0	0	
011375	00000000113755	CIBULLETE S E 1 MZ ORGANICO		0	0001350	0	0	1	1	0	0	0	000	0	1	1	1	1	0	0	0	0	0	0	0	0	0	0	0	0	0	1	0	0	0	0	0	0	0	0	0	0	0	0	0	0	0	0	0	0	0	0	0	0	0	0	0	0	0	
011376	00000000113762	AJO EN HOJA S E 1 UN ORGANI		0	0001350	0	0	1	1	0	0	0	000	0	1	1	1	1	0	0	0	0	0	0	0	0	0	0	0	0	0	1	0	0	0	0	0	0	0	0	0	0	0	0	0	0	0	0	0	0	0	0	0	0	0	0	0	0	0	
011378	00000000113786	ZAPALLITO S E 1 KG ITALIANO		0	0010700	0	0	0	1	0	0	0	000	0	1	1	1	1	0	0	0	0	0	0	0	0	0	0	0	0	0	1	0	0	0	0	0	0	0	0	0	0	0	0	0	0	0	0	0	0	0	0	0	0	0	0	0	0	0	
011382	00000000113823	TOMATE SANTA CRUZ EXTRA EN 		0	0013600	0	0	0	1	0	0	0	000	0	1	1	1	1	0	0	0	0	0	0	0	0	0	0	0	0	0	1	0	0	0	0	0	0	0	0	0	0	0	0	0	0	0	0	0	0	0	0	0	0	0	0	0	0	0	
011395	00000000113953	BERENJENA EN BANDEJA BJA 1 		0	0017250	0	0	0	1	0	0	0	000	0	1	1	1	1	0	0	0	0	0	0	0	0	0	0	0	0	0	1	0	0	0	0	0	0	0	0	0	0	0	0	0	0	0	0	0	0	0	0	0	0	0	0	0	0	0	
011397	00000000113977	ZAPALLITO EN BANDEJA BJA 1 		0	0012300	0	0	0	1	0	0	0	000	0	1	1	1	1	0	0	0	0	0	0	0	0	0	0	0	0	0	1	0	0	0	0	0	0	0	0	0	0	0	0	0	0	0	0	0	0	0	0	0	0	0	0	0	0	0	
011398	00000000113984	ZAPALLITO EN BANDEJA BJA 1 		0	0009800	0	0	0	1	0	0	0	000	0	1	1	1	1	0	0	0	0	0	0	0	0	0	0	0	0	0	1	0	0	0	0	0	0	0	0	0	0	0	0	0	0	0	0	0	0	0	0	0	0	0	0	0	0	0	
011400	00000000114004	PEPINO EN BANDEJA BJA 1 KG 		0	0011000	0	0	0	1	0	0	0	000	0	1	1	1	1	0	0	0	0	0	0	0	0	0	0	0	0	0	1	0	0	0	0	0	0	0	0	0	0	0	0	0	0	0	0	0	0	0	0	0	0	0	0	0	0	0	
011401	00000000114011	CEBOLLA DE CABEZA EN BANDEJ		0	0007600	0	0	0	1	0	0	0	000	0	1	1	1	1	0	0	0	0	0	0	0	0	0	0	0	0	0	1	0	0	0	0	0	0	0	0	0	0	0	0	0	0	0	0	0	0	0	0	0	0	0	0	0	0	0	
011402	00000000114028	REMOLACHA EXTRA EN BANDEJA 		0	0011500	0	0	0	1	0	0	0	000	0	1	1	1	1	0	0	0	0	0	0	0	0	0	0	0	0	0	1	0	0	0	0	0	0	0	0	0	0	0	0	0	0	0	0	0	0	0	0	0	0	0	0	0	0	0	
011446	00000000114462	GRANADA S E 1 KG           		0	0135700	0	0	0	1	0	0	0	000	0	1	1	1	1	0	0	0	0	0	0	0	0	0	0	0	0	0	1	0	0	0	0	0	0	0	0	0	0	0	0	0	0	0	0	0	0	0	0	0	0	0	0	0	0	0	
011451	00000000114516	BERRO S E 1 MZ ORGANICO    		0	0002750	0	0	1	1	0	0	0	000	0	1	1	1	1	0	0	0	0	0	0	0	0	0	0	0	0	0	1	0	0	0	0	0	0	0	0	0	0	0	0	0	0	0	0	0	0	0	0	0	0	0	0	0	0	0	
011452	00000000114523	REPOLLO EN BANDEJA BJA 1 KG		0	0009100	0	0	0	1	0	0	0	000	0	1	1	1	1	0	0	0	0	0	0	0	0	0	0	0	0	0	1	0	0	0	0	0	0	0	0	0	0	0	0	0	0	0	0	0	0	0	0	0	0	0	0	0	0	0	
011453	00000000114530	CEBOLLA DE CABEZA S E  KG R		0	0014300	0	0	0	1	0	0	0	000	0	1	1	1	1	0	0	0	0	0	0	0	0	0	0	0	0	0	1	0	0	0	0	0	0	0	0	0	0	0	0	0	0	0	0	0	0	0	0	0	0	0	0	0	0	0	
011550	00000000115506	BERENJENA IMPORTADA S E 1 K		0	0021450	0	0	0	1	0	0	0	000	0	1	1	1	1	0	0	0	0	0	0	0	0	0	0	0	0	0	1	0	0	0	0	0	0	0	0	0	0	0	0	0	0	0	0	0	0	0	0	0	0	0	0	0	0	0	
012223	00000000122238	RAVIOLES POLLO STOCK 500 GR		0	0013500	0	0	1	1	0	0	0	000	0	1	1	1	1	0	0	0	0	0	0	0	0	0	0	0	0	0	1	0	0	0	0	0	0	0	0	0	0	0	0	0	0	0	0	0	0	0	0	0	0	0	0	0	0	0	
012224	00000000122245	RAVIOLES RICOTTA STOCK 500 		0	0013500	0	0	1	1	0	0	0	000	0	1	1	1	1	0	0	0	0	0	0	0	0	0	0	0	0	0	1	0	0	0	0	0	0	0	0	0	0	0	0	0	0	0	0	0	0	0	0	0	0	0	0	0	0	0	
012225	00000000122252	RAVIOLES VERDURA STOCK 500 		0	0013500	0	0	1	1	0	0	0	000	0	1	1	1	1	0	0	0	0	0	0	0	0	0	0	0	0	0	1	0	0	0	0	0	0	0	0	0	0	0	0	0	0	0	0	0	0	0	0	0	0	0	0	0	0	0	
012226	00000000122269	RAVIOLES CARNE STOCK 500 GR		0	0013500	0	0	1	1	0	0	0	000	0	1	1	1	1	0	0	0	0	0	0	0	0	0	0	0	0	0	1	0	0	0	0	0	0	0	0	0	0	0	0	0	0	0	0	0	0	0	0	0	0	0	0	0	0	0	
012497	00000000124973	POROTOS S E 1 KG MANTECA   		0	0058650	0	0	0	1	0	0	0	000	0	1	1	1	1	0	0	0	0	0	0	0	0	0	0	0	0	0	1	0	0	0	0	0	0	0	0	0	0	0	0	0	0	0	0	0	0	0	0	0	0	0	0	0	0	0	
012498	00000000124980	POROTOS S E 1 KG PEKY      		0	0029350	0	0	0	1	0	0	0	000	0	1	1	1	1	0	0	0	0	0	0	0	0	0	0	0	0	0	1	0	0	0	0	0	0	0	0	0	0	0	0	0	0	0	0	0	0	0	0	0	0	0	0	0	0	0	
012516	00000000125161	CIRUELA S E 1 KG NACIONAL  		0	0020550	0	0	0	1	0	0	0	000	0	1	1	1	1	0	0	0	0	0	0	0	0	0	0	0	0	0	1	0	0	0	0	0	0	0	0	0	0	0	0	0	0	0	0	0	0	0	0	0	0	0	0	0	0	0	
012524	00000000125246	BROCOLI S E 1 UN DE CABEZA 		0	0021450	0	0	1	1	0	0	0	000	0	1	1	1	1	0	0	0	0	0	0	0	0	0	0	0	0	0	1	0	0	0	0	0	0	0	0	0	0	0	0	0	0	0	0	0	0	0	0	0	0	0	0	0	0	0	
012687	00000000126878	ZANAHORIA DE 1RA S E KG    		0	0010550	0	0	0	1	0	0	0	000	0	1	1	1	1	0	0	0	0	0	0	0	0	0	0	0	0	0	1	0	0	0	0	0	0	0	0	0	0	0	0	0	0	0	0	0	0	0	0	0	0	0	0	0	0	0	
012696	00000000126960	COLIFLOR EN COLORES IMPORTA		0	0025700	0	0	0	1	0	0	0	000	0	1	1	1	1	0	0	0	0	0	0	0	0	0	0	0	0	0	1	0	0	0	0	0	0	0	0	0	0	0	0	0	0	0	0	0	0	0	0	0	0	0	0	0	0	0	
012697	00000000126977	ANQUITO1 KG IMPORTADO      		0	0035700	0	0	1	1	0	0	0	000	0	1	1	1	1	0	0	0	0	0	0	0	0	0	0	0	0	0	1	0	0	0	0	0	0	0	0	0	0	0	0	0	0	0	0	0	0	0	0	0	0	0	0	0	0	0	
012898	00000000128988	PERA S E X 1 KG ASIATICA   		0	0045700	0	0	0	1	0	0	0	000	0	1	1	1	1	0	0	0	0	0	0	0	0	0	0	0	0	0	1	0	0	0	0	0	0	0	0	0	0	0	0	0	0	0	0	0	0	0	0	0	0	0	0	0	0	0	
012902	00000000129022	BANANA S E 1 KG BRASIL     		0	0002950	0	0	0	1	0	0	0	000	0	1	1	1	1	0	0	0	0	0	0	0	0	0	0	0	0	0	1	0	0	0	0	0	0	0	0	0	0	0	0	0	0	0	0	0	0	0	0	0	0	0	0	0	0	0	
012929	00000000129299	MBURUCUYA NACIONAL X KG    		0	0007950	0	0	0	1	0	0	0	000	0	1	1	1	1	0	0	0	0	0	0	0	0	0	0	0	0	0	1	0	0	0	0	0	0	0	0	0	0	0	0	0	0	0	0	0	0	0	0	0	0	0	0	0	0	0	
012947	00000000129473	PAPITA MALLA BLANC         		0	0011150	0	0	0	1	0	0	0	000	0	1	1	1	1	0	0	0	0	0	0	0	0	0	0	0	0	0	1	0	0	0	0	0	0	0	0	0	0	0	0	0	0	0	0	0	0	0	0	0	0	0	0	0	0	0	
012958	00000000129589	CEBOLLA DE CABEZA S E 1 KG 		0	0005050	0	0	0	1	0	0	0	000	0	1	1	1	1	0	0	0	0	0	0	0	0	0	0	0	0	0	1	0	0	0	0	0	0	0	0	0	0	0	0	0	0	0	0	0	0	0	0	0	0	0	0	0	0	0	
012967	00000000129671	LOCOTE S E 1 KG ANARANJADO 		0	0028550	0	0	0	1	0	0	0	000	0	1	1	1	1	0	0	0	0	0	0	0	0	0	0	0	0	0	1	0	0	0	0	0	0	0	0	0	0	0	0	0	0	0	0	0	0	0	0	0	0	0	0	0	0	0	
013410	00000000134101	FRUTILLA S E 1 KG IMPORTADA		0	0071450	0	0	0	1	0	0	0	000	0	1	1	1	1	0	0	0	0	0	0	0	0	0	0	0	0	0	1	0	0	0	0	0	0	0	0	0	0	0	0	0	0	0	0	0	0	0	0	0	0	0	0	0	0	0	
013431	00000000134316	RUCULA SALVAJE ECOLOG BANDJ		0	0023400	0	0	1	1	0	0	0	000	0	1	1	1	1	0	0	0	0	0	0	0	0	0	0	0	0	0	1	0	0	0	0	0	0	0	0	0	0	0	0	0	0	0	0	0	0	0	0	0	0	0	0	0	0	0	
013462	00000000134620	NABO S E 1 UN ORGANICO     		0	0002750	0	0	1	1	0	0	0	000	0	1	1	1	1	0	0	0	0	0	0	0	0	0	0	0	0	0	1	0	0	0	0	0	0	0	0	0	0	0	0	0	0	0	0	0	0	0	0	0	0	0	0	0	0	0	
013761	00000000137614	NARANJA IMPORTADA X KG     		0	0007550	0	0	0	1	0	0	0	000	0	1	1	1	1	0	0	0	0	0	0	0	0	0	0	0	0	0	1	0	0	0	0	0	0	0	0	0	0	0	0	0	0	0	0	0	0	0	0	0	0	0	0	0	0	0	
013783	00000000137836	ESPINACA S E 1 MZ NEGRO    		0	0002050	0	0	1	1	0	0	0	000	0	1	1	1	1	0	0	0	0	0	0	0	0	0	0	0	0	0	1	0	0	0	0	0	0	0	0	0	0	0	0	0	0	0	0	0	0	0	0	0	0	0	0	0	0	0	
013879	00000000138796	CHOCLO DULCE EN BANDEJA XUN		0	0022150	0	0	1	1	0	0	0	000	0	1	1	1	1	0	0	0	0	0	0	0	0	0	0	0	0	0	1	0	0	0	0	0	0	0	0	0	0	0	0	0	0	0	0	0	0	0	0	0	0	0	0	0	0	0	
014069	00000000140690	CHAUCHA MZ 1 UN ORGANICO   		0	0001650	0	0	1	1	0	0	0	000	0	1	1	1	1	0	0	0	0	0	0	0	0	0	0	0	0	0	1	0	0	0	0	0	0	0	0	0	0	0	0	0	0	0	0	0	0	0	0	0	0	0	0	0	0	0	
015934	00000000159340	CALABAZA S E 1 KG          		0	0004700	0	0	0	1	0	0	0	000	0	1	1	1	1	0	0	0	0	0	0	0	0	0	0	0	0	0	1	0	0	0	0	0	0	0	0	0	0	0	0	0	0	0	0	0	0	0	0	0	0	0	0	0	0	0	
016185	00000000161855	ESCAROLA S E 1 MZ ORGANICO 		0	0002750	0	0	1	1	0	0	0	000	0	1	1	1	1	0	0	0	0	0	0	0	0	0	0	0	0	0	1	0	0	0	0	0	0	0	0	0	0	0	0	0	0	0	0	0	0	0	0	0	0	0	0	0	0	0	
016293	00000000162937	UVA S E ROSADO IMPORT X KL 		0	0032850	0	0	0	1	0	0	0	000	0	1	1	1	1	0	0	0	0	0	0	0	0	0	0	0	0	0	1	0	0	0	0	0	0	0	0	0	0	0	0	0	0	0	0	0	0	0	0	0	0	0	0	0	0	0	
016302	00000000163026	SANDIA IMPORTADA S E X KG  		0	0007950	0	0	0	1	0	0	0	000	0	1	1	1	1	0	0	0	0	0	0	0	0	0	0	0	0	0	1	0	0	0	0	0	0	0	0	0	0	0	0	0	0	0	0	0	0	0	0	0	0	0	0	0	0	0	
019169	00000000191692	MANZANA COLEGIALA ECONOMICA		0	0007950	0	0	0	1	0	0	0	000	0	1	1	1	1	0	0	0	0	0	0	0	0	0	0	0	0	0	1	0	0	0	0	0	0	0	0	0	0	0	0	0	0	0	0	0	0	0	0	0	0	0	0	0	0	0	
019182	00000000191821	NARANJA ECONOMICA X KG     		0	0003050	0	0	0	1	0	0	0	000	0	1	1	1	1	0	0	0	0	0	0	0	0	0	0	0	0	0	1	0	0	0	0	0	0	0	0	0	0	0	0	0	0	0	0	0	0	0	0	0	0	0	0	0	0	0	
019239	00000000192392	CALABAZA BRASILERO SC S E 1		0	0007850	0	0	0	1	0	0	0	000	0	1	1	1	1	0	0	0	0	0	0	0	0	0	0	0	0	0	1	0	0	0	0	0	0	0	0	0	0	0	0	0	0	0	0	0	0	0	0	0	0	0	0	0	0	0	
019276	00000000192767	COL DE BRUSELAS SC S E 1 KG		0	0128550	0	0	0	1	0	0	0	000	0	1	1	1	1	0	0	0	0	0	0	0	0	0	0	0	0	0	1	0	0	0	0	0	0	0	0	0	0	0	0	0	0	0	0	0	0	0	0	0	0	0	0	0	0	0	
019309	00000000193092	CARAMBOLA BRASILERO SC 1KG 		0	0085700	0	0	0	1	0	0	0	000	0	1	1	1	1	0	0	0	0	0	0	0	0	0	0	0	0	0	1	0	0	0	0	0	0	0	0	0	0	0	0	0	0	0	0	0	0	0	0	0	0	0	0	0	0	0	
019315	00000000193153	ACELGA  X MAZO             		0	0003800	0	0	1	1	0	0	0	000	0	1	1	1	1	0	0	0	0	0	0	0	0	0	0	0	0	0	1	0	0	0	0	0	0	0	0	0	0	0	0	0	0	0	0	0	0	0	0	0	0	0	0	0	0	0	
019316	00000000193160	ACELGA CHINA  X MAZO       		0	0002800	0	0	1	1	0	0	0	000	0	1	1	1	1	0	0	0	0	0	0	0	0	0	0	0	0	0	1	0	0	0	0	0	0	0	0	0	0	0	0	0	0	0	0	0	0	0	0	0	0	0	0	0	0	0	
019318	00000000193184	ALBAHACA VERDE  HOJA X MAZO		0	0002050	0	0	1	1	0	0	0	000	0	1	1	1	1	0	0	0	0	0	0	0	0	0	0	0	0	0	1	0	0	0	0	0	0	0	0	0	0	0	0	0	0	0	0	0	0	0	0	0	0	0	0	0	0	0	
019319	00000000193191	ACHICORIA BLANCA X MAZO    		0	0001000	0	0	1	1	0	0	0	000	0	1	1	1	1	0	0	0	0	0	0	0	0	0	0	0	0	0	1	0	0	0	0	0	0	0	0	0	0	0	0	0	0	0	0	0	0	0	0	0	0	0	0	0	0	0	
019321	00000000193214	BERRO  X MAZO              		0	0003550	0	0	1	1	0	0	0	000	0	1	1	1	1	0	0	0	0	0	0	0	0	0	0	0	0	0	1	0	0	0	0	0	0	0	0	0	0	0	0	0	0	0	0	0	0	0	0	0	0	0	0	0	0	0	
019323	00000000193238	CEBOLLITA DE HOJA X UN     		0	0001150	0	0	1	1	0	0	0	000	0	1	1	1	1	0	0	0	0	0	0	0	0	0	0	0	0	0	1	0	0	0	0	0	0	0	0	0	0	0	0	0	0	0	0	0	0	0	0	0	0	0	0	0	0	0	
019324	00000000193245	CEBOLLA DE CABEZA CON HOJA 		0	0005050	0	0	1	1	0	0	0	000	0	1	1	1	1	0	0	0	0	0	0	0	0	0	0	0	0	0	1	0	0	0	0	0	0	0	0	0	0	0	0	0	0	0	0	0	0	0	0	0	0	0	0	0	0	0	
019326	00000000193269	COLINABO  X UN             		0	0003800	0	0	1	1	0	0	0	000	0	1	1	1	1	0	0	0	0	0	0	0	0	0	0	0	0	0	1	0	0	0	0	0	0	0	0	0	0	0	0	0	0	0	0	0	0	0	0	0	0	0	0	0	0	0	
019327	00000000193276	ESCAROLA  X UN             		0	0001900	0	0	1	1	0	0	0	000	0	1	1	1	1	0	0	0	0	0	0	0	0	0	0	0	0	0	1	0	0	0	0	0	0	0	0	0	0	0	0	0	0	0	0	0	0	0	0	0	0	0	0	0	0	0	
019328	00000000193283	ESPINACA BLANCA X UN       		0	0003050	0	0	1	1	0	0	0	000	0	1	1	1	1	0	0	0	0	0	0	0	0	0	0	0	0	0	1	0	0	0	0	0	0	0	0	0	0	0	0	0	0	0	0	0	0	0	0	0	0	0	0	0	0	0	
019329	00000000193290	ESPINACA NEGRA X UN        		0	0002300	0	0	1	1	0	0	0	000	0	1	1	1	1	0	0	0	0	0	0	0	0	0	0	0	0	0	1	0	0	0	0	0	0	0	0	0	0	0	0	0	0	0	0	0	0	0	0	0	0	0	0	0	0	0	
019330	00000000193306	HINOJO  X UN               		0	0005050	0	0	1	1	0	0	0	000	0	1	1	1	1	0	0	0	0	0	0	0	0	0	0	0	0	0	1	0	0	0	0	0	0	0	0	0	0	0	0	0	0	0	0	0	0	0	0	0	0	0	0	0	0	0	
019331	00000000193313	KOBE  X MZ                 		0	0001650	0	0	1	1	0	0	0	000	0	1	1	1	1	0	0	0	0	0	0	0	0	0	0	0	0	0	1	0	0	0	0	0	0	0	0	0	0	0	0	0	0	0	0	0	0	0	0	0	0	0	0	0	0	0	
019332	00000000193320	KURATU  X MAZO             		0	0002900	0	0	1	1	0	0	0	000	0	1	1	1	1	0	0	0	0	0	0	0	0	0	0	0	0	0	1	0	0	0	0	0	0	0	0	0	0	0	0	0	0	0	0	0	0	0	0	0	0	0	0	0	0	0	
019333	00000000193337	LAUREL  X  UNIDAD          		0	0000950	0	0	1	1	0	0	0	000	0	1	1	1	1	0	0	0	0	0	0	0	0	0	0	0	0	0	1	0	0	0	0	0	0	0	0	0	0	0	0	0	0	0	0	0	0	0	0	0	0	0	0	0	0	0	
019334	00000000193344	LECHUGA BLANCA  X UN       		0	0007950	0	0	1	1	0	0	0	000	0	1	1	1	1	0	0	0	0	0	0	0	0	0	0	0	0	0	1	0	0	0	0	0	0	0	0	0	0	0	0	0	0	0	0	0	0	0	0	0	0	0	0	0	0	0	
019335	00000000193351	LECHUGA  PIRATI X MZ       		0	0006950	0	0	1	1	0	0	0	000	0	1	1	1	1	0	0	0	0	0	0	0	0	0	0	0	0	0	1	0	0	0	0	0	0	0	0	0	0	0	0	0	0	0	0	0	0	0	0	0	0	0	0	0	0	0	
019336	00000000193368	LECHUGA CRIOLLA  X UN      		0	0007950	0	0	1	1	0	0	0	000	0	1	1	1	1	0	0	0	0	0	0	0	0	0	0	0	0	0	1	0	0	0	0	0	0	0	0	0	0	0	0	0	0	0	0	0	0	0	0	0	0	0	0	0	0	0	
019337	00000000193375	LECHUGA MANTECOSA X UN     		0	0008450	0	0	1	1	0	0	0	000	0	1	1	1	1	0	0	0	0	0	0	0	0	0	0	0	0	0	1	0	0	0	0	0	0	0	0	0	0	0	0	0	0	0	0	0	0	0	0	0	0	0	0	0	0	0	
019338	00000000193382	LECHUGA MIMOSA MORADA      		0	0007950	0	0	1	1	0	0	0	000	0	1	1	1	1	0	0	0	0	0	0	0	0	0	0	0	0	0	1	0	0	0	0	0	0	0	0	0	0	0	0	0	0	0	0	0	0	0	0	0	0	0	0	0	0	0	
019339	00000000193399	LECHUGA MIMOSA VERDE X UN  		0	0007950	0	0	1	1	0	0	0	000	0	1	1	1	1	0	0	0	0	0	0	0	0	0	0	0	0	0	1	0	0	0	0	0	0	0	0	0	0	0	0	0	0	0	0	0	0	0	0	0	0	0	0	0	0	0	
019341	00000000193412	NABO X UNIDAD              		0	0002550	0	0	1	1	0	0	0	000	0	1	1	1	1	0	0	0	0	0	0	0	0	0	0	0	0	0	1	0	0	0	0	0	0	0	0	0	0	0	0	0	0	0	0	0	0	0	0	0	0	0	0	0	0	0	
019342	00000000193429	OREGANO  X  UN             		0	0000950	0	0	1	1	0	0	0	000	0	1	1	1	1	0	0	0	0	0	0	0	0	0	0	0	0	0	1	0	0	0	0	0	0	0	0	0	0	0	0	0	0	0	0	0	0	0	0	0	0	0	0	0	0	0	
019343	00000000193436	PEREJIL  X UN              		0	0001000	0	0	1	1	0	0	0	000	0	1	1	1	1	0	0	0	0	0	0	0	0	0	0	0	0	0	1	0	0	0	0	0	0	0	0	0	0	0	0	0	0	0	0	0	0	0	0	0	0	0	0	0	0	0	
019344	00000000193443	PEREJIL JAPONES  X UN      		0	0002300	0	0	1	1	0	0	0	000	0	1	1	1	1	0	0	0	0	0	0	0	0	0	0	0	0	0	1	0	0	0	0	0	0	0	0	0	0	0	0	0	0	0	0	0	0	0	0	0	0	0	0	0	0	0	
019345	00000000193450	RABANITO  X UN             		0	0003800	0	0	1	1	0	0	0	000	0	1	1	1	1	0	0	0	0	0	0	0	0	0	0	0	0	0	1	0	0	0	0	0	0	0	0	0	0	0	0	0	0	0	0	0	0	0	0	0	0	0	0	0	0	0	
019347	00000000193474	REMOLACHA CON HOJAS X UN   		0	0005700	0	0	1	1	0	0	0	000	0	1	1	1	1	0	0	0	0	0	0	0	0	0	0	0	0	0	1	0	0	0	0	0	0	0	0	0	0	0	0	0	0	0	0	0	0	0	0	0	0	0	0	0	0	0	
019351	00000000193511	ZANAHORIA CON HOJAS X  UN  		0	0005700	0	0	1	1	0	0	0	000	0	1	1	1	1	0	0	0	0	0	0	0	0	0	0	0	0	0	1	0	0	0	0	0	0	0	0	0	0	0	0	0	0	0	0	0	0	0	0	0	0	0	0	0	0	0	
019354	00000000193542	APIO BRASILERO  X KG       		0	0022150	0	0	0	1	0	0	0	000	0	1	1	1	1	0	0	0	0	0	0	0	0	0	0	0	0	0	1	0	0	0	0	0	0	0	0	0	0	0	0	0	0	0	0	0	0	0	0	0	0	0	0	0	0	0	
019356	00000000193566	ARVEJA CON CASCARA TRES BOC		0	0026650	0	0	0	1	0	0	0	000	0	1	1	1	1	0	0	0	0	0	0	0	0	0	0	0	0	0	1	0	0	0	0	0	0	0	0	0	0	0	0	0	0	0	0	0	0	0	0	0	0	0	0	0	0	0	
019365	00000000193658	REMEDIO REFRESCANTE X UNIDA		0	0000950	0	0	1	1	0	0	0	000	0	1	1	1	1	0	0	0	0	0	0	0	0	0	0	0	0	0	1	0	0	0	0	0	0	0	0	0	0	0	0	0	0	0	0	0	0	0	0	0	0	0	0	0	0	0	
019366	00000000193665	RUCULA X UNIDAD            		0	0002900	0	0	1	1	0	0	0	000	0	1	1	1	1	0	0	0	0	0	0	0	0	0	0	0	0	0	1	0	0	0	0	0	0	0	0	0	0	0	0	0	0	0	0	0	0	0	0	0	0	0	0	0	0	0	
019367	00000000193672	TOMILLO  X UNIDAD          		0	0002550	0	0	1	1	0	0	0	000	0	1	1	1	1	0	0	0	0	0	0	0	0	0	0	0	0	0	1	0	0	0	0	0	0	0	0	0	0	0	0	0	0	0	0	0	0	0	0	0	0	0	0	0	0	0	
019374	00000000193740	PERA ECONOMICA X KG        		0	0005950	0	0	0	1	0	0	0	000	0	1	1	1	1	0	0	0	0	0	0	0	0	0	0	0	0	0	1	0	0	0	0	0	0	0	0	0	0	0	0	0	0	0	0	0	0	0	0	0	0	0	0	0	0	0	
019382	00000000193825	CHOCLO DULCE  X KL         		0	0025700	0	0	0	1	0	0	0	000	0	1	1	1	1	0	0	0	0	0	0	0	0	0	0	0	0	0	1	0	0	0	0	0	0	0	0	0	0	0	0	0	0	0	0	0	0	0	0	0	0	0	0	0	0	0	
019388	00000000193887	SATUINO TRES BOCAS X KL    		0	0017150	0	0	0	1	0	0	0	000	0	1	1	1	1	0	0	0	0	0	0	0	0	0	0	0	0	0	1	0	0	0	0	0	0	0	0	0	0	0	0	0	0	0	0	0	0	0	0	0	0	0	0	0	0	0	
019430	00000000194303	PAPA BLANCA EN MALLA X KL  		0	0012650	0	0	0	1	0	0	0	000	0	1	1	1	1	0	0	0	0	0	0	0	0	0	0	0	0	0	1	0	0	0	0	0	0	0	0	0	0	0	0	0	0	0	0	0	0	0	0	0	0	0	0	0	0	0	
019446	00000000194464	PUERRO BRASIL  X KL        		0	0057150	0	0	0	1	0	0	0	000	0	1	1	1	1	0	0	0	0	0	0	0	0	0	0	0	0	0	1	0	0	0	0	0	0	0	0	0	0	0	0	0	0	0	0	0	0	0	0	0	0	0	0	0	0	0	
019458	00000000194587	CHAUCHA BRASILERO X KL     		0	0035700	0	0	0	1	0	0	0	000	0	1	1	1	1	0	0	0	0	0	0	0	0	0	0	0	0	0	1	0	0	0	0	0	0	0	0	0	0	0	0	0	0	0	0	0	0	0	0	0	0	0	0	0	0	0	
019463	00000000194631	APIO NAC X UN              		0	0003150	0	0	1	1	0	0	0	000	0	1	1	1	1	0	0	0	0	0	0	0	0	0	0	0	0	0	1	0	0	0	0	0	0	0	0	0	0	0	0	0	0	0	0	0	0	0	0	0	0	0	0	0	0	0	
019464	00000000194648	PUERRO X UND               		0	0002900	0	0	1	1	0	0	0	000	0	1	1	1	1	0	0	0	0	0	0	0	0	0	0	0	0	0	1	0	0	0	0	0	0	0	0	0	0	0	0	0	0	0	0	0	0	0	0	0	0	0	0	0	0	0	
019465	00000000194655	ROMERO X MAZO              		0	0001900	0	0	1	1	0	0	0	000	0	1	1	1	1	0	0	0	0	0	0	0	0	0	0	0	0	0	1	0	0	0	0	0	0	0	0	0	0	0	0	0	0	0	0	0	0	0	0	0	0	0	0	0	0	0	
019467	00000000194679	TOMATE CHERRY  X KG        		0	0035700	0	0	0	1	0	0	0	000	0	1	1	1	1	0	0	0	0	0	0	0	0	0	0	0	0	0	1	0	0	0	0	0	0	0	0	0	0	0	0	0	0	0	0	0	0	0	0	0	0	0	0	0	0	0	
019487	00000000194877	CIRUELA ROJA IMP 1 KG      		0	0027400	0	0	0	1	0	0	0	000	0	1	1	1	1	0	0	0	0	0	0	0	0	0	0	0	0	0	1	0	0	0	0	0	0	0	0	0	0	0	0	0	0	0	0	0	0	0	0	0	0	0	0	0	0	0	
019510	00000000195102	MAMON NACIONAL S E 1 KG    		0	0006850	0	0	0	1	0	0	0	000	0	1	1	1	1	0	0	0	0	0	0	0	0	0	0	0	0	0	1	0	0	0	0	0	0	0	0	0	0	0	0	0	0	0	0	0	0	0	0	0	0	0	0	0	0	0	
019513	00000000195133	MANDARINA IMPORTADA 1 KG   		0	0009600	0	0	0	1	0	0	0	000	0	1	1	1	1	0	0	0	0	0	0	0	0	0	0	0	0	0	1	0	0	0	0	0	0	0	0	0	0	0	0	0	0	0	0	0	0	0	0	0	0	0	0	0	0	0	
019514	00000000195140	MANGO NACIONAL  1 KG       		0	0007550	0	0	0	1	0	0	0	000	0	1	1	1	1	0	0	0	0	0	0	0	0	0	0	0	0	0	1	0	0	0	0	0	0	0	0	0	0	0	0	0	0	0	0	0	0	0	0	0	0	0	0	0	0	0	
019519	00000000195195	MBURUCUYA DULCE X KG       		0	0097150	0	0	0	1	0	0	0	000	0	1	1	1	1	0	0	0	0	0	0	0	0	0	0	0	0	0	1	0	0	0	0	0	0	0	0	0	0	0	0	0	0	0	0	0	0	0	0	0	0	0	0	0	0	0	
019535	00000000195355	PI A PEROLA SC 1 KG        		0	0031450	0	0	0	1	0	0	0	000	0	1	1	1	1	0	0	0	0	0	0	0	0	0	0	0	0	0	1	0	0	0	0	0	0	0	0	0	0	0	0	0	0	0	0	0	0	0	0	0	0	0	0	0	0	0	
019540	00000000195409	TORONJA SC 1 KG            		0	0085700	0	0	0	1	0	0	0	000	0	1	1	1	1	0	0	0	0	0	0	0	0	0	0	0	0	0	1	0	0	0	0	0	0	0	0	0	0	0	0	0	0	0	0	0	0	0	0	0	0	0	0	0	0	0	
019550	00000000195508	POROTO PEKY C  CASC SC 1 KG		0	0007750	0	0	0	1	0	0	0	000	0	1	1	1	1	0	0	0	0	0	0	0	0	0	0	0	0	0	1	0	0	0	0	0	0	0	0	0	0	0	0	0	0	0	0	0	0	0	0	0	0	0	0	0	0	0	
019552	00000000195522	POROTO MANT C  CASC SC 1 KG		0	0010950	0	0	0	1	0	0	0	000	0	1	1	1	1	0	0	0	0	0	0	0	0	0	0	0	0	0	1	0	0	0	0	0	0	0	0	0	0	0	0	0	0	0	0	0	0	0	0	0	0	0	0	0	0	0	
019557	00000000195577	AGUACATE NACIONAL X KG     		0	0009300	0	0	0	1	0	0	0	000	0	1	1	1	1	0	0	0	0	0	0	0	0	0	0	0	0	0	1	0	0	0	0	0	0	0	0	0	0	0	0	0	0	0	0	0	0	0	0	0	0	0	0	0	0	0	
019561	00000000195614	BROCOLI  X UN              		0	0010150	0	0	1	1	0	0	0	000	0	1	1	1	1	0	0	0	0	0	0	0	0	0	0	0	0	0	1	0	0	0	0	0	0	0	0	0	0	0	0	0	0	0	0	0	0	0	0	0	0	0	0	0	0	0	
019573	00000000195737	HARINA DE MAIZ FRESCA 1RA X		0	0008250	0	0	0	1	0	0	0	000	0	1	1	1	1	0	0	0	0	0	0	0	0	0	0	0	0	0	1	0	0	0	0	0	0	0	0	0	0	0	0	0	0	0	0	0	0	0	0	0	0	0	0	0	0	0	
019605	00000000196055	MANDARINA NACIONAL X KG    		0	0005500	0	0	0	1	0	0	0	000	0	1	1	1	1	0	0	0	0	0	0	0	0	0	0	0	0	0	1	0	0	0	0	0	0	0	0	0	0	0	0	0	0	0	0	0	0	0	0	0	0	0	0	0	0	0	
019699	00000000196994	POMELO IMPORTADO S E 1 X KG		0	0010000	0	0	0	1	0	0	0	000	0	1	1	1	1	0	0	0	0	0	0	0	0	0	0	0	0	0	1	0	0	0	0	0	0	0	0	0	0	0	0	0	0	0	0	0	0	0	0	0	0	0	0	0	0	0	
019780	00000000197809	CIOBOULLETTE  X MAZO       		0	0002550	0	0	1	1	0	0	0	000	0	1	1	1	1	0	0	0	0	0	0	0	0	0	0	0	0	0	1	0	0	0	0	0	0	0	0	0	0	0	0	0	0	0	0	0	0	0	0	0	0	0	0	0	0	0	
019792	00000000197922	ESPARRAGO X KILO           		0	0150000	0	0	0	1	0	0	0	000	0	1	1	1	1	0	0	0	0	0	0	0	0	0	0	0	0	0	1	0	0	0	0	0	0	0	0	0	0	0	0	0	0	0	0	0	0	0	0	0	0	0	0	0	0	0	
019965	00000000199650	MANDARINA X KG             		0	0007550	0	0	0	1	0	0	0	000	0	1	1	1	1	0	0	0	0	0	0	0	0	0	0	0	0	0	1	0	0	0	0	0	0	0	0	0	0	0	0	0	0	0	0	0	0	0	0	0	0	0	0	0	0	0	
020475	00000000204750	TOMATE PERITA O STA CRUZ EC		0	0006900	0	0	0	1	0	0	0	000	0	1	1	1	1	0	0	0	0	0	0	0	0	0	0	0	0	0	1	0	0	0	0	0	0	0	0	0	0	0	0	0	0	0	0	0	0	0	0	0	0	0	0	0	0	0	
020521	00000000205214	PAPA ECONOMICA X KG        		0	0004400	0	0	0	1	0	0	0	000	0	1	1	1	1	0	0	0	0	0	0	0	0	0	0	0	0	0	1	0	0	0	0	0	0	0	0	0	0	0	0	0	0	0	0	0	0	0	0	0	0	0	0	0	0	0	
020706	00000000207065	ALCACHOFAS X KG IMPORTADA  		0	0085700	0	0	0	1	0	0	0	000	0	1	1	1	1	0	0	0	0	0	0	0	0	0	0	0	0	0	1	0	0	0	0	0	0	0	0	0	0	0	0	0	0	0	0	0	0	0	0	0	0	0	0	0	0	0	
022050	00000000220507	BANANA KARAPE ECONOMICA X K		0	0003350	0	0	0	1	0	0	0	000	0	1	1	1	1	0	0	0	0	0	0	0	0	0	0	0	0	0	1	0	0	0	0	0	0	0	0	0	0	0	0	0	0	0	0	0	0	0	0	0	0	0	0	0	0	0	
022227	00000000222273	COCO VERDE                 		0	0017150	0	0	0	1	0	0	0	000	0	1	1	1	1	0	0	0	0	0	0	0	0	0	0	0	0	0	1	0	0	0	0	0	0	0	0	0	0	0	0	0	0	0	0	0	0	0	0	0	0	0	0	0	0	0	
022258	00000000222587	SANDIA JAPONES X KL        		0	0021300	0	0	0	1	0	0	0	000	0	1	1	1	1	0	0	0	0	0	0	0	0	0	0	0	0	0	1	0	0	0	0	0	0	0	0	0	0	0	0	0	0	0	0	0	0	0	0	0	0	0	0	0	0	0	
022453	00000000224536	CHAUCHA EN BANDEJA X KG    		0	0032800	0	0	0	1	0	0	0	000	0	1	1	1	1	0	0	0	0	0	0	0	0	0	0	0	0	0	1	0	0	0	0	0	0	0	0	0	0	0	0	0	0	0	0	0	0	0	0	0	0	0	0	0	0	0	
022515	00000000225151	LECHUGA PIRAT PAQ SELEC    		0	0008450	0	0	1	1	0	0	0	000	0	1	1	1	1	0	0	0	0	0	0	0	0	0	0	0	0	0	1	0	0	0	0	0	0	0	0	0	0	0	0	0	0	0	0	0	0	0	0	0	0	0	0	0	0	0	
022542	00000000225427	CAJU EN BANDEJA            		0	0128550	0	0	0	1	0	0	0	000	0	1	1	1	1	0	0	0	0	0	0	0	0	0	0	0	0	0	1	0	0	0	0	0	0	0	0	0	0	0	0	0	0	0	0	0	0	0	0	0	0	0	0	0	0	0	
022666	00000000226660	LIMON JAPONES              		0	0005700	0	0	0	1	0	0	0	000	0	1	1	1	1	0	0	0	0	0	0	0	0	0	0	0	0	0	1	0	0	0	0	0	0	0	0	0	0	0	0	0	0	0	0	0	0	0	0	0	0	0	0	0	0	0	
022668	00000000226684	GROSELLA X KILOS           		0	0314300	0	0	0	1	0	0	0	000	0	1	1	1	1	0	0	0	0	0	0	0	0	0	0	0	0	0	1	0	0	0	0	0	0	0	0	0	0	0	0	0	0	0	0	0	0	0	0	0	0	0	0	0	0	0	
023025	00000000230254	CHAUCHA  X MAZO            		0	0003150	0	0	1	1	0	0	0	000	0	1	1	1	1	0	0	0	0	0	0	0	0	0	0	0	0	0	1	0	0	0	0	0	0	0	0	0	0	0	0	0	0	0	0	0	0	0	0	0	0	0	0	0	0	0	
023028	00000000230285	RUDA X MAZO                		0	0001900	0	0	1	1	0	0	0	000	0	1	1	1	1	0	0	0	0	0	0	0	0	0	0	0	0	0	1	0	0	0	0	0	0	0	0	0	0	0	0	0	0	0	0	0	0	0	0	0	0	0	0	0	0	0	
023043	00000000230438	PEPINILLO X KILO           		0	0014300	0	0	0	1	0	0	0	000	0	1	1	1	1	0	0	0	0	0	0	0	0	0	0	0	0	0	1	0	0	0	0	0	0	0	0	0	0	0	0	0	0	0	0	0	0	0	0	0	0	0	0	0	0	0	
023112	00000000231121	CALABAZA CALABAZA GIGANTE  		0	0021450	0	0	0	1	0	0	0	000	0	1	1	1	1	0	0	0	0	0	0	0	0	0	0	0	0	0	1	0	0	0	0	0	0	0	0	0	0	0	0	0	0	0	0	0	0	0	0	0	0	0	0	0	0	0	
023127	00000000231275	PAPA X KILO                		0	0006950	0	0	0	1	0	0	0	000	0	1	1	1	1	0	0	0	0	0	0	0	0	0	0	0	0	0	1	0	0	0	0	0	0	0	0	0	0	0	0	0	0	0	0	0	0	0	0	0	0	0	0	0	0	0	
023149	00000000231497	KOBE ORGANICO              		0	0001350	0	0	1	1	0	0	0	000	0	1	1	1	1	0	0	0	0	0	0	0	0	0	0	0	0	0	1	0	0	0	0	0	0	0	0	0	0	0	0	0	0	0	0	0	0	0	0	0	0	0	0	0	0	0	
023164	00000000231640	KAKI NACIONAL X KG         		0	0021450	0	0	0	1	0	0	0	000	0	1	1	1	1	0	0	0	0	0	0	0	0	0	0	0	0	0	1	0	0	0	0	0	0	0	0	0	0	0	0	0	0	0	0	0	0	0	0	0	0	0	0	0	0	0	
023711	00000000237116	BATATA ROJA BRASIL 1KG     		0	0009300	0	0	0	1	0	0	0	000	0	1	1	1	1	0	0	0	0	0	0	0	0	0	0	0	0	0	1	0	0	0	0	0	0	0	0	0	0	0	0	0	0	0	0	0	0	0	0	0	0	0	0	0	0	0	
023716	00000000237161	UVA MOSCATE X KILO         		0	0030000	0	0	0	1	0	0	0	000	0	1	1	1	1	0	0	0	0	0	0	0	0	0	0	0	0	0	1	0	0	0	0	0	0	0	0	0	0	0	0	0	0	0	0	0	0	0	0	0	0	0	0	0	0	0	
023739	00000000237390	NARANJA MALLA BRASIL 1KG   		0	0006550	0	0	0	1	0	0	0	000	0	1	1	1	1	0	0	0	0	0	0	0	0	0	0	0	0	0	1	0	0	0	0	0	0	0	0	0	0	0	0	0	0	0	0	0	0	0	0	0	0	0	0	0	0	0	
023765	00000000237659	DURAZNO ARG BJA X KG S E   		0	0029550	0	0	0	1	0	0	0	000	0	1	1	1	1	0	0	0	0	0	0	0	0	0	0	0	0	0	1	0	0	0	0	0	0	0	0	0	0	0	0	0	0	0	0	0	0	0	0	0	0	0	0	0	0	0	
023767	00000000237673	KIWI BJA X KG S E          		0	0075550	0	0	0	1	0	0	0	000	0	1	1	1	1	0	0	0	0	0	0	0	0	0	0	0	0	0	1	0	0	0	0	0	0	0	0	0	0	0	0	0	0	0	0	0	0	0	0	0	0	0	0	0	0	0	
023771	00000000237710	NARANJA NAC   BJA  X KG S E		0	0006550	0	0	0	1	0	0	0	000	0	1	1	1	1	0	0	0	0	0	0	0	0	0	0	0	0	0	1	0	0	0	0	0	0	0	0	0	0	0	0	0	0	0	0	0	0	0	0	0	0	0	0	0	0	0	
023772	00000000237727	MAMON CHICO BJA X KG S E   		0	0024650	0	0	0	1	0	0	0	000	0	1	1	1	1	0	0	0	0	0	0	0	0	0	0	0	0	0	1	0	0	0	0	0	0	0	0	0	0	0	0	0	0	0	0	0	0	0	0	0	0	0	0	0	0	0	
023773	00000000237734	MAMON GRANDE BJA X KG S E  		0	0022800	0	0	0	1	0	0	0	000	0	1	1	1	1	0	0	0	0	0	0	0	0	0	0	0	0	0	1	0	0	0	0	0	0	0	0	0	0	0	0	0	0	0	0	0	0	0	0	0	0	0	0	0	0	0	
023774	00000000237741	MANZANA COLEG  BJA X KG S E		0	0013950	0	0	0	1	0	0	0	000	0	1	1	1	1	0	0	0	0	0	0	0	0	0	0	0	0	0	1	0	0	0	0	0	0	0	0	0	0	0	0	0	0	0	0	0	0	0	0	0	0	0	0	0	0	0	
023823	00000000238236	NARANJA BRASIL BAHIA S E X 		0	0024300	0	0	0	1	0	0	0	000	0	1	1	1	1	0	0	0	0	0	0	0	0	0	0	0	0	0	1	0	0	0	0	0	0	0	0	0	0	0	0	0	0	0	0	0	0	0	0	0	0	0	0	0	0	0	
023839	00000000238397	MANZANA GALA 1 MIMOSA 1KG  		0	0018550	0	0	0	1	0	0	0	000	0	1	1	1	1	0	0	0	0	0	0	0	0	0	0	0	0	0	1	0	0	0	0	0	0	0	0	0	0	0	0	0	0	0	0	0	0	0	0	0	0	0	0	0	0	0	
023848	00000000238489	LOCOTE VERDE ECONOMICO X KG		0	0010000	0	0	0	1	0	0	0	000	0	1	1	1	1	0	0	0	0	0	0	0	0	0	0	0	0	0	1	0	0	0	0	0	0	0	0	0	0	0	0	0	0	0	0	0	0	0	0	0	0	0	0	0	0	0	
023892	00000000238922	LIMA DE PERSIA X KG        		0	0021450	0	0	0	1	0	0	0	000	0	1	1	1	1	0	0	0	0	0	0	0	0	0	0	0	0	0	1	0	0	0	0	0	0	0	0	0	0	0	0	0	0	0	0	0	0	0	0	0	0	0	0	0	0	0	
023920	00000000239202	ZANAHORIA BABY X KG        		0	0092850	0	0	0	1	0	0	0	000	0	1	1	1	1	0	0	0	0	0	0	0	0	0	0	0	0	0	1	0	0	0	0	0	0	0	0	0	0	0	0	0	0	0	0	0	0	0	0	0	0	0	0	0	0	0	
023930	00000000239301	TOMATE CHERRY ORGA X KG KOE		0	0032500	0	0	0	1	0	0	0	000	0	1	1	1	1	0	0	0	0	0	0	0	0	0	0	0	0	0	1	0	0	0	0	0	0	0	0	0	0	0	0	0	0	0	0	0	0	0	0	0	0	0	0	0	0	0	
024545	00000000245456	LITCHI X KG S E            		0	0128550	0	0	0	1	0	0	0	000	0	1	1	1	1	0	0	0	0	0	0	0	0	0	0	0	0	0	1	0	0	0	0	0	0	0	0	0	0	0	0	0	0	0	0	0	0	0	0	0	0	0	0	0	0	0	
031747	00000000317474	CEBOLLA BLANCA X KG        		0	0022850	0	0	0	1	0	0	0	000	0	1	1	1	1	0	0	0	0	0	0	0	0	0	0	0	0	0	1	0	0	0	0	0	0	0	0	0	0	0	0	0	0	0	0	0	0	0	0	0	0	0	0	0	0	0	
033953	00000000339537	ZANAHORIA ECONOMICO X KG   		0	0003050	0	0	0	1	0	0	0	000	0	1	1	1	1	0	0	0	0	0	0	0	0	0	0	0	0	0	1	0	0	0	0	0	0	0	0	0	0	0	0	0	0	0	0	0	0	0	0	0	0	0	0	0	0	0	
037755	00000000377553	UVA KIOHO X KG             		0	0018550	0	0	0	1	0	0	0	000	0	1	1	1	1	0	0	0	0	0	0	0	0	0	0	0	0	0	1	0	0	0	0	0	0	0	0	0	0	0	0	0	0	0	0	0	0	0	0	0	0	0	0	0	0	0	
037804	00000000378048	FRUTILLA EXTRA EN BANDEJA X		0	0055300	0	0	0	1	0	0	0	000	0	1	1	1	1	0	0	0	0	0	0	0	0	0	0	0	0	0	1	0	0	0	0	0	0	0	0	0	0	0	0	0	0	0	0	0	0	0	0	0	0	0	0	0	0	0	
037823	00000000378239	MANZANA FUJI X KG          		0	0032850	0	0	0	1	0	0	0	000	0	1	1	1	1	0	0	0	0	0	0	0	0	0	0	0	0	0	1	0	0	0	0	0	0	0	0	0	0	0	0	0	0	0	0	0	0	0	0	0	0	0	0	0	0	0	
037842	00000000378420	PERA SUPER EXTRA EN BANDEJA		0	0027050	0	0	0	1	0	0	0	000	0	1	1	1	1	0	0	0	0	0	0	0	0	0	0	0	0	0	1	0	0	0	0	0	0	0	0	0	0	0	0	0	0	0	0	0	0	0	0	0	0	0	0	0	0	0	
037847	00000000378475	AJI PICANTE ECOLOG KOEJU   		0	0020500	0	0	0	1	0	0	0	000	0	1	1	1	1	0	0	0	0	0	0	0	0	0	0	0	0	0	1	0	0	0	0	0	0	0	0	0	0	0	0	0	0	0	0	0	0	0	0	0	0	0	0	0	0	0	
037927	00000000379274	FLOR DE COCO               		0	0006350	0	0	1	1	0	0	0	000	0	1	1	1	1	0	0	0	0	0	0	0	0	0	0	0	0	0	1	0	0	0	0	0	0	0	0	0	0	0	0	0	0	0	0	0	0	0	0	0	0	0	0	0	0	0	
037980	00000000379809	KINOTO EXTRA EN BANDEJA    		0	0164250	0	0	0	1	0	0	0	000	0	1	1	1	1	0	0	0	0	0	0	0	0	0	0	0	0	0	1	0	0	0	0	0	0	0	0	0	0	0	0	0	0	0	0	0	0	0	0	0	0	0	0	0	0	0	
037982	00000000379823	ZAPALLO EXTRA PLASTIFICADO 		0	0006550	0	0	0	1	0	0	0	000	0	1	1	1	1	0	0	0	0	0	0	0	0	0	0	0	0	0	1	0	0	0	0	0	0	0	0	0	0	0	0	0	0	0	0	0	0	0	0	0	0	0	0	0	0	0	
037983	00000000379830	ZAPALLO NAC PLASTIFICADO   		0	0005500	0	0	0	1	0	0	0	000	0	1	1	1	1	0	0	0	0	0	0	0	0	0	0	0	0	0	1	0	0	0	0	0	0	0	0	0	0	0	0	0	0	0	0	0	0	0	0	0	0	0	0	0	0	0	
038130	00000000381307	BANANA KARAPE E MALLA KG  x		0	0009100	0	0	0	1	0	0	0	000	0	1	1	1	1	0	0	0	0	0	0	0	0	0	0	0	0	0	1	0	0	0	0	0	0	0	0	0	0	0	0	0	0	0	0	0	0	0	0	0	0	0	0	0	0	0	
038433	00000000384339	REPOLLO MORADO PLASTIFICADO		0	0016100	0	0	0	1	0	0	0	000	0	1	1	1	1	0	0	0	0	0	0	0	0	0	0	0	0	0	1	0	0	0	0	0	0	0	0	0	0	0	0	0	0	0	0	0	0	0	0	0	0	0	0	0	0	0	
038540	00000000385404	ESPINACA CANADIENSE        		0	0006850	0	0	1	1	0	0	0	000	0	1	1	1	1	0	0	0	0	0	0	0	0	0	0	0	0	0	1	0	0	0	0	0	0	0	0	0	0	0	0	0	0	0	0	0	0	0	0	0	0	0	0	0	0	0	
038723	00000000387231	COLIFLOR EN BANDEJA X KG   		0	0034500	0	0	0	1	0	0	0	000	0	1	1	1	1	0	0	0	0	0	0	0	0	0	0	0	0	0	1	0	0	0	0	0	0	0	0	0	0	0	0	0	0	0	0	0	0	0	0	0	0	0	0	0	0	0	
039029	00000000390293	UVA ROSADA EXTRA E BANDEJA 		0	0037750	0	0	0	1	0	0	0	000	0	1	1	1	1	0	0	0	0	0	0	0	0	0	0	0	0	0	1	0	0	0	0	0	0	0	0	0	0	0	0	0	0	0	0	0	0	0	0	0	0	0	0	0	0	0	
039183	00000000391832	ACEROLA KG                 		0	0071450	0	0	0	1	0	0	0	000	0	1	1	1	1	0	0	0	0	0	0	0	0	0	0	0	0	0	1	0	0	0	0	0	0	0	0	0	0	0	0	0	0	0	0	0	0	0	0	0	0	0	0	0	0	0	
039185	00000000391856	AJI PICANTE EXTRA EN BANDEJ		0	0034500	0	0	0	1	0	0	0	000	0	1	1	1	1	0	0	0	0	0	0	0	0	0	0	0	0	0	1	0	0	0	0	0	0	0	0	0	0	0	0	0	0	0	0	0	0	0	0	0	0	0	0	0	0	0	
039186	00000000391863	JENGIBRE EXTRA EN BANDEJA  		0	0025450	0	0	0	1	0	0	0	000	0	1	1	1	1	0	0	0	0	0	0	0	0	0	0	0	0	0	1	0	0	0	0	0	0	0	0	0	0	0	0	0	0	0	0	0	0	0	0	0	0	0	0	0	0	0	
039187	00000000391870	ALCAUCIL X KL SIN MARCA    		0	0114300	0	0	0	1	0	0	0	000	0	1	1	1	1	0	0	0	0	0	0	0	0	0	0	0	0	0	1	0	0	0	0	0	0	0	0	0	0	0	0	0	0	0	0	0	0	0	0	0	0	0	0	0	0	0	
039197	00000000391979	BERENJENITA KG             		0	0021450	0	0	0	1	0	0	0	000	0	1	1	1	1	0	0	0	0	0	0	0	0	0	0	0	0	0	1	0	0	0	0	0	0	0	0	0	0	0	0	0	0	0	0	0	0	0	0	0	0	0	0	0	0	0	
039223	00000000392235	GILO   x 1                 		0	0035700	0	0	0	1	0	0	0	000	0	1	1	1	1	0	0	0	0	0	0	0	0	0	0	0	0	0	1	0	0	0	0	0	0	0	0	0	0	0	0	0	0	0	0	0	0	0	0	0	0	0	0	0	0	0	
039225	00000000392259	GROSELLA FRUTA S E X KG    		0	0009950	0	0	0	1	0	0	0	000	0	1	1	1	1	0	0	0	0	0	0	0	0	0	0	0	0	0	1	0	0	0	0	0	0	0	0	0	0	0	0	0	0	0	0	0	0	0	0	0	0	0	0	0	0	0	
039231	00000000392310	LIMON TAHITI EN MALLA      		0	0008800	0	0	0	1	0	0	0	000	0	1	1	1	1	0	0	0	0	0	0	0	0	0	0	0	0	0	1	0	0	0	0	0	0	0	0	0	0	0	0	0	0	0	0	0	0	0	0	0	0	0	0	0	0	0	
039244	00000000392440	LOCOTE AMARILLO EN BANDEJA 		0	0033050	0	0	0	1	0	0	0	000	0	1	1	1	1	0	0	0	0	0	0	0	0	0	0	0	0	0	1	0	0	0	0	0	0	0	0	0	0	0	0	0	0	0	0	0	0	0	0	0	0	0	0	0	0	0	
039324	00000000393249	ZAPALLO NARANJADO          		0	0015700	0	0	0	1	0	0	0	000	0	1	1	1	1	0	0	0	0	0	0	0	0	0	0	0	0	0	1	0	0	0	0	0	0	0	0	0	0	0	0	0	0	0	0	0	0	0	0	0	0	0	0	0	0	0	
039329	00000000393294	SANDIA AMARILLA X KG       		0	0020000	0	0	0	1	0	0	0	000	0	1	1	1	1	0	0	0	0	0	0	0	0	0	0	0	0	0	1	0	0	0	0	0	0	0	0	0	0	0	0	0	0	0	0	0	0	0	0	0	0	0	0	0	0	0	
039339	00000000393393	CEBOLLA MORADA EXTRA EN MAL		0	0016400	0	0	0	1	0	0	0	000	0	1	1	1	1	0	0	0	0	0	0	0	0	0	0	0	0	0	1	0	0	0	0	0	0	0	0	0	0	0	0	0	0	0	0	0	0	0	0	0	0	0	0	0	0	0	
039341	00000000393416	MANZANA FUJI EXTRA EN BANDE		0	0037750	0	0	0	1	0	0	0	000	0	1	1	1	1	0	0	0	0	0	0	0	0	0	0	0	0	0	1	0	0	0	0	0	0	0	0	0	0	0	0	0	0	0	0	0	0	0	0	0	0	0	0	0	0	0	
039342	00000000393423	MORA ZARZAMORA             		0	0200000	0	0	0	1	0	0	0	000	0	1	1	1	1	0	0	0	0	0	0	0	0	0	0	0	0	0	1	0	0	0	0	0	0	0	0	0	0	0	0	0	0	0	0	0	0	0	0	0	0	0	0	0	0	0	
039345	00000000393454	CEBOLLA ECONOMICA X KG     		0	0004400	0	0	0	1	0	0	0	000	0	1	1	1	1	0	0	0	0	0	0	0	0	0	0	0	0	0	1	0	0	0	0	0	0	0	0	0	0	0	0	0	0	0	0	0	0	0	0	0	0	0	0	0	0	0	
039356	00000000393560	KAKI EXTRA EN BANDEJA      		0	0065700	0	0	0	1	0	0	0	000	0	1	1	1	1	0	0	0	0	0	0	0	0	0	0	0	0	0	1	0	0	0	0	0	0	0	0	0	0	0	0	0	0	0	0	0	0	0	0	0	0	0	0	0	0	0	
039986	00000000399869	VERDURAS SURTIDAS AL VACIO 		0	0016650	0	0	0	1	0	0	0	000	0	1	1	1	1	0	0	0	0	0	0	0	0	0	0	0	0	0	1	0	0	0	0	0	0	0	0	0	0	0	0	0	0	0	0	0	0	0	0	0	0	0	0	0	0	0	
039987	00000000399876	ZANAHORIA AL VACIO X KG    		0	0017500	0	0	0	1	0	0	0	000	0	1	1	1	1	0	0	0	0	0	0	0	0	0	0	0	0	0	1	0	0	0	0	0	0	0	0	0	0	0	0	0	0	0	0	0	0	0	0	0	0	0	0	0	0	0	
039989	00000000399890	ZAPALLO NACIONAL AL VACIO X		0	0007900	0	0	0	1	0	0	0	000	0	1	1	1	1	0	0	0	0	0	0	0	0	0	0	0	0	0	1	0	0	0	0	0	0	0	0	0	0	0	0	0	0	0	0	0	0	0	0	0	0	0	0	0	0	0	
039990	00000000399906	REMOLACHA AL VACIO X KG    		0	0016000	0	0	0	1	0	0	0	000	0	1	1	1	1	0	0	0	0	0	0	0	0	0	0	0	0	0	1	0	0	0	0	0	0	0	0	0	0	0	0	0	0	0	0	0	0	0	0	0	0	0	0	0	0	0	
039992	00000000399920	CEBOLLA AL VACIO           		0	0010400	0	0	0	1	0	0	0	000	0	1	1	1	1	0	0	0	0	0	0	0	0	0	0	0	0	0	1	0	0	0	0	0	0	0	0	0	0	0	0	0	0	0	0	0	0	0	0	0	0	0	0	0	0	0	
039994	00000000399944	ENSALADA RUSA AL VACIO     		0	0010500	0	0	0	1	0	0	0	000	0	1	1	1	1	0	0	0	0	0	0	0	0	0	0	0	0	0	1	0	0	0	0	0	0	0	0	0	0	0	0	0	0	0	0	0	0	0	0	0	0	0	0	0	0	0	
040234	00000000402347	MANGOSTINO  X  KG          		0	0228550	0	0	0	1	0	0	0	000	0	1	1	1	1	0	0	0	0	0	0	0	0	0	0	0	0	0	1	0	0	0	0	0	0	0	0	0	0	0	0	0	0	0	0	0	0	0	0	0	0	0	0	0	0	0	
040259	00000000402590	PAPA MORADA X KG           		0	0008550	0	0	0	1	0	0	0	000	0	1	1	1	1	0	0	0	0	0	0	0	0	0	0	0	0	0	1	0	0	0	0	0	0	0	0	0	0	0	0	0	0	0	0	0	0	0	0	0	0	0	0	0	0	0	
040271	00000000402712	UVA BLANCA SIN SEMILLA     		0	0050000	0	0	0	1	0	0	0	000	0	1	1	1	1	0	0	0	0	0	0	0	0	0	0	0	0	0	1	0	0	0	0	0	0	0	0	0	0	0	0	0	0	0	0	0	0	0	0	0	0	0	0	0	0	0	
040274	00000000402743	SANDIA EN PEDAZO PLASTIFICA		0	0009100	0	0	0	1	0	0	0	000	0	1	1	1	1	0	0	0	0	0	0	0	0	0	0	0	0	0	1	0	0	0	0	0	0	0	0	0	0	0	0	0	0	0	0	0	0	0	0	0	0	0	0	0	0	0	
040275	00000000402750	TAMARINDO EN PAQUETE       		0	0114300	0	0	0	1	0	0	0	000	0	1	1	1	1	0	0	0	0	0	0	0	0	0	0	0	0	0	1	0	0	0	0	0	0	0	0	0	0	0	0	0	0	0	0	0	0	0	0	0	0	0	0	0	0	0	
040284	00000000402842	POMELO ORGANICA            		0	0020000	0	0	0	1	0	0	0	000	0	1	1	1	1	0	0	0	0	0	0	0	0	0	0	0	0	0	1	0	0	0	0	0	0	0	0	0	0	0	0	0	0	0	0	0	0	0	0	0	0	0	0	0	0	0	
040296	00000000402965	GUAYABA EXTRA EN BANDEJA   		0	0034500	0	0	0	1	0	0	0	000	0	1	1	1	1	0	0	0	0	0	0	0	0	0	0	0	0	0	1	0	0	0	0	0	0	0	0	0	0	0	0	0	0	0	0	0	0	0	0	0	0	0	0	0	0	0	
040323	00000000403238	ACELGA JAPONESA SELECCIONAD		0	0019700	0	0	0	1	0	0	0	000	0	1	1	1	1	0	0	0	0	0	0	0	0	0	0	0	0	0	1	0	0	0	0	0	0	0	0	0	0	0	0	0	0	0	0	0	0	0	0	0	0	0	0	0	0	0	
040773	00000000407731	NARANJA VALENCIA X KG      		0	0006850	0	0	0	1	0	0	0	000	0	1	1	1	1	0	0	0	0	0	0	0	0	0	0	0	0	0	1	0	0	0	0	0	0	0	0	0	0	0	0	0	0	0	0	0	0	0	0	0	0	0	0	0	0	0	
040874	00000000408745	BATATA KARAA               		0	0022850	0	0	0	1	0	0	0	000	0	1	1	1	1	0	0	0	0	0	0	0	0	0	0	0	0	0	1	0	0	0	0	0	0	0	0	0	0	0	0	0	0	0	0	0	0	0	0	0	0	0	0	0	0	0	
041259	00000000412599	PALMA C DECORADO           		0	0006350	0	0	1	1	0	0	0	000	0	1	1	1	1	0	0	0	0	0	0	0	0	0	0	0	0	0	1	0	0	0	0	0	0	0	0	0	0	0	0	0	0	0	0	0	0	0	0	0	0	0	0	0	0	0	
041316	00000000413169	AJI PICANTITO EN BANDEJA   		0	0042850	0	0	0	1	0	0	0	000	0	1	1	1	1	0	0	0	0	0	0	0	0	0	0	0	0	0	1	0	0	0	0	0	0	0	0	0	0	0	0	0	0	0	0	0	0	0	0	0	0	0	0	0	0	0	
041736	00000000417365	PALMA S DECORADO           		0	0006350	0	0	1	1	0	0	0	000	0	1	1	1	1	0	0	0	0	0	0	0	0	0	0	0	0	0	1	0	0	0	0	0	0	0	0	0	0	0	0	0	0	0	0	0	0	0	0	0	0	0	0	0	0	0	
041869	00000000418690	JACA X KILOGRAMO           		0	0038550	0	0	0	1	0	0	0	000	0	1	1	1	1	0	0	0	0	0	0	0	0	0	0	0	0	0	1	0	0	0	0	0	0	0	0	0	0	0	0	0	0	0	0	0	0	0	0	0	0	0	0	0	0	0	
041871	00000000418713	BANANA KARAPE EN BANDEJA   		0	0009500	0	0	1	1	0	0	0	000	0	1	1	1	1	0	0	0	0	0	0	0	0	0	0	0	0	0	1	0	0	0	0	0	0	0	0	0	0	0	0	0	0	0	0	0	0	0	0	0	0	0	0	0	0	0	
042256	00000000422567	GRAVIOLA X KG              		0	0054300	0	0	0	1	0	0	0	000	0	1	1	1	1	0	0	0	0	0	0	0	0	0	0	0	0	0	1	0	0	0	0	0	0	0	0	0	0	0	0	0	0	0	0	0	0	0	0	0	0	0	0	0	0	0	
042264	00000000422642	MELON SAPO XKG             		0	0021450	0	0	0	1	0	0	0	000	0	1	1	1	1	0	0	0	0	0	0	0	0	0	0	0	0	0	1	0	0	0	0	0	0	0	0	0	0	0	0	0	0	0	0	0	0	0	0	0	0	0	0	0	0	0	
042265	00000000422659	MORA X KILOS               		0	0200000	0	0	0	1	0	0	0	000	0	1	1	1	1	0	0	0	0	0	0	0	0	0	0	0	0	0	1	0	0	0	0	0	0	0	0	0	0	0	0	0	0	0	0	0	0	0	0	0	0	0	0	0	0	0	
042266	00000000422666	PITAYA X KG                		0	0142850	0	0	0	1	0	0	0	000	0	1	1	1	1	0	0	0	0	0	0	0	0	0	0	0	0	0	1	0	0	0	0	0	0	0	0	0	0	0	0	0	0	0	0	0	0	0	0	0	0	0	0	0	0	0	
042267	00000000422673	SANDIA BABY XKG            		0	0020000	0	0	0	1	0	0	0	000	0	1	1	1	1	0	0	0	0	0	0	0	0	0	0	0	0	0	1	0	0	0	0	0	0	0	0	0	0	0	0	0	0	0	0	0	0	0	0	0	0	0	0	0	0	0	
044600	00000000446006	ARANDANO X KG              		0	0192850	0	0	0	1	0	0	0	000	0	1	1	1	1	0	0	0	0	0	0	0	0	0	0	0	0	0	1	0	0	0	0	0	0	0	0	0	0	0	0	0	0	0	0	0	0	0	0	0	0	0	0	0	0	0	
044602	00000000446020	LECHUGA PIRATI SUPER XUND  		0	0007950	0	0	1	1	0	0	0	000	0	1	1	1	1	0	0	0	0	0	0	0	0	0	0	0	0	0	1	0	0	0	0	0	0	0	0	0	0	0	0	0	0	0	0	0	0	0	0	0	0	0	0	0	0	0	
044603	00000000446037	LECHUGA MORADA SUPER UND   		0	0007950	0	0	1	1	0	0	0	000	0	1	1	1	1	0	0	0	0	0	0	0	0	0	0	0	0	0	1	0	0	0	0	0	0	0	0	0	0	0	0	0	0	0	0	0	0	0	0	0	0	0	0	0	0	0	
044604	00000000446044	LECHUGA MIMOSA SUPER UND   		0	0007950	0	0	1	1	0	0	0	000	0	1	1	1	1	0	0	0	0	0	0	0	0	0	0	0	0	0	1	0	0	0	0	0	0	0	0	0	0	0	0	0	0	0	0	0	0	0	0	0	0	0	0	0	0	0	
044605	00000000446051	LECHUGA MANTECA SUPER UND  		0	0007950	0	0	1	1	0	0	0	000	0	1	1	1	1	0	0	0	0	0	0	0	0	0	0	0	0	0	1	0	0	0	0	0	0	0	0	0	0	0	0	0	0	0	0	0	0	0	0	0	0	0	0	0	0	0	
044606	00000000446068	LECHUGA BLANCA SUPER UND   		0	0007950	0	0	1	1	0	0	0	000	0	1	1	1	1	0	0	0	0	0	0	0	0	0	0	0	0	0	1	0	0	0	0	0	0	0	0	0	0	0	0	0	0	0	0	0	0	0	0	0	0	0	0	0	0	0	
044661	00000000446617	UVA NIAGARA XKG S E        		0	0028550	0	0	0	1	0	0	0	000	0	1	1	1	1	0	0	0	0	0	0	0	0	0	0	0	0	0	1	0	0	0	0	0	0	0	0	0	0	0	0	0	0	0	0	0	0	0	0	0	0	0	0	0	0	0	
044692	00000000446921	MELON JAPONES IMPORTADO XKG		0	0017850	0	0	0	1	0	0	0	000	0	1	1	1	1	0	0	0	0	0	0	0	0	0	0	0	0	0	1	0	0	0	0	0	0	0	0	0	0	0	0	0	0	0	0	0	0	0	0	0	0	0	0	0	0	0	
044696	00000000446969	FRAMBUESA XKG S E          		0	0078550	0	0	0	1	0	0	0	000	0	1	1	1	1	0	0	0	0	0	0	0	0	0	0	0	0	0	1	0	0	0	0	0	0	0	0	0	0	0	0	0	0	0	0	0	0	0	0	0	0	0	0	0	0	0	
044707	00000000447072	HIGO DE LA INDIA XKG S E   		0	0178550	0	0	0	1	0	0	0	000	0	1	1	1	1	0	0	0	0	0	0	0	0	0	0	0	0	0	1	0	0	0	0	0	0	0	0	0	0	0	0	0	0	0	0	0	0	0	0	0	0	0	0	0	0	0	
044713	00000000447133	PLATANO X KG               		0	0017150	0	0	0	1	0	0	0	000	0	1	1	1	1	0	0	0	0	0	0	0	0	0	0	0	0	0	1	0	0	0	0	0	0	0	0	0	0	0	0	0	0	0	0	0	0	0	0	0	0	0	0	0	0	0	
044720	00000000447201	NASU XKG S ENVASE          		0	0028550	0	0	0	1	0	0	0	000	0	1	1	1	1	0	0	0	0	0	0	0	0	0	0	0	0	0	1	0	0	0	0	0	0	0	0	0	0	0	0	0	0	0	0	0	0	0	0	0	0	0	0	0	0	0	
044721	00000000447218	TOMATE TIPO HOLANDES X KG  		0	0041450	0	0	0	1	0	0	0	000	0	1	1	1	1	0	0	0	0	0	0	0	0	0	0	0	0	0	1	0	0	0	0	0	0	0	0	0	0	0	0	0	0	0	0	0	0	0	0	0	0	0	0	0	0	0	
045535	00000000455350	BANANA ROJA 1KG S E        		0	0007550	0	0	0	1	0	0	0	000	0	1	1	1	1	0	0	0	0	0	0	0	0	0	0	0	0	0	1	0	0	0	0	0	0	0	0	0	0	0	0	0	0	0	0	0	0	0	0	0	0	0	0	0	0	0	
045804	00000000458047	RAMBUTAN S E X KG          		0	0192850	0	0	0	1	0	0	0	000	0	1	1	1	1	0	0	0	0	0	0	0	0	0	0	0	0	0	1	0	0	0	0	0	0	0	0	0	0	0	0	0	0	0	0	0	0	0	0	0	0	0	0	0	0	0	
045842	00000000458429	MANDIOQUI A X KILO S E     		0	0031450	0	0	0	1	0	0	0	000	0	1	1	1	1	0	0	0	0	0	0	0	0	0	0	0	0	0	1	0	0	0	0	0	0	0	0	0	0	0	0	0	0	0	0	0	0	0	0	0	0	0	0	0	0	0	
045843	00000000458436	KAKI CHOCOLATE X KILO S E  		0	0032850	0	0	0	1	0	0	0	000	0	1	1	1	1	0	0	0	0	0	0	0	0	0	0	0	0	0	1	0	0	0	0	0	0	0	0	0	0	0	0	0	0	0	0	0	0	0	0	0	0	0	0	0	0	0	
045844	00000000458443	CACAO X KILO S E           		0	0028550	0	0	0	1	0	0	0	000	0	1	1	1	1	0	0	0	0	0	0	0	0	0	0	0	0	0	1	0	0	0	0	0	0	0	0	0	0	0	0	0	0	0	0	0	0	0	0	0	0	0	0	0	0	0	
045845	00000000458450	COPOAZU X KILO S E         		0	0035700	0	0	0	1	0	0	0	000	0	1	1	1	1	0	0	0	0	0	0	0	0	0	0	0	0	0	1	0	0	0	0	0	0	0	0	0	0	0	0	0	0	0	0	0	0	0	0	0	0	0	0	0	0	0	
045846	00000000458467	TOMATE UVA X KILO S E      		0	0092850	0	0	0	1	0	0	0	000	0	1	1	1	1	0	0	0	0	0	0	0	0	0	0	0	0	0	1	0	0	0	0	0	0	0	0	0	0	0	0	0	0	0	0	0	0	0	0	0	0	0	0	0	0	0	
045875	00000000458757	PITAYA AMARILLA X KG       		0	0142850	0	0	0	1	0	0	0	000	0	1	1	1	1	0	0	0	0	0	0	0	0	0	0	0	0	0	1	0	0	0	0	0	0	0	0	0	0	0	0	0	0	0	0	0	0	0	0	0	0	0	0	0	0	0	
045876	00000000458764	DATILES TAMARA             		0	0114300	0	0	0	1	0	0	0	000	0	1	1	1	1	0	0	0	0	0	0	0	0	0	0	0	0	0	1	0	0	0	0	0	0	0	0	0	0	0	0	0	0	0	0	0	0	0	0	0	0	0	0	0	0	0	
045878	00000000458788	KIWI S E 1 KG BLANCO       		0	0050000	0	0	0	1	0	0	0	000	0	1	1	1	1	0	0	0	0	0	0	0	0	0	0	0	0	0	1	0	0	0	0	0	0	0	0	0	0	0	0	0	0	0	0	0	0	0	0	0	0	0	0	0	0	0	
045879	00000000458795	PHYSALIS X KG S E          		0	0207150	0	0	0	1	0	0	0	000	0	1	1	1	1	0	0	0	0	0	0	0	0	0	0	0	0	0	1	0	0	0	0	0	0	0	0	0	0	0	0	0	0	0	0	0	0	0	0	0	0	0	0	0	0	0	
045951	00000000459518	CUCURMA S E X KG           		0	0114300	0	0	0	1	0	0	0	000	0	1	1	1	1	0	0	0	0	0	0	0	0	0	0	0	0	0	1	0	0	0	0	0	0	0	0	0	0	0	0	0	0	0	0	0	0	0	0	0	0	0	0	0	0	0	
046048	00000000460484	ARANDANO NACIONAL X KL     		0	0142850	0	0	0	1	0	0	0	000	0	1	1	1	1	0	0	0	0	0	0	0	0	0	0	0	0	0	1	0	0	0	0	0	0	0	0	0	0	0	0	0	0	0	0	0	0	0	0	0	0	0	0	0	0	0	
046049	00000000460491	MORA NACIONAL X KL         		0	0057150	0	0	0	1	0	0	0	000	0	1	1	1	1	0	0	0	0	0	0	0	0	0	0	0	0	0	1	0	0	0	0	0	0	0	0	0	0	0	0	0	0	0	0	0	0	0	0	0	0	0	0	0	0	0	
046050	00000000460507	MELON SAN CAETANO X KL     		0	0040000	0	0	0	1	0	0	0	000	0	1	1	1	1	0	0	0	0	0	0	0	0	0	0	0	0	0	1	0	0	0	0	0	0	0	0	0	0	0	0	0	0	0	0	0	0	0	0	0	0	0	0	0	0	0	
046051	00000000460514	CLARITA X KL               		0	0028550	0	0	0	1	0	0	0	000	0	1	1	1	1	0	0	0	0	0	0	0	0	0	0	0	0	0	1	0	0	0	0	0	0	0	0	0	0	0	0	0	0	0	0	0	0	0	0	0	0	0	0	0	0	0	
046052	00000000460521	TOMATE KAKI X KL           		0	0071450	0	0	0	1	0	0	0	000	0	1	1	1	1	0	0	0	0	0	0	0	0	0	0	0	0	0	1	0	0	0	0	0	0	0	0	0	0	0	0	0	0	0	0	0	0	0	0	0	0	0	0	0	0	0	
046053	00000000460538	CIRUELA AMARILLA X KL      		0	0035700	0	0	0	1	0	0	0	000	0	1	1	1	1	0	0	0	0	0	0	0	0	0	0	0	0	0	1	0	0	0	0	0	0	0	0	0	0	0	0	0	0	0	0	0	0	0	0	0	0	0	0	0	0	0	
046091	00000000460910	JALAPE OS X KG             		0	0121450	0	0	0	1	0	0	0	000	0	1	1	1	1	0	0	0	0	0	0	0	0	0	0	0	0	0	1	0	0	0	0	0	0	0	0	0	0	0	0	0	0	0	0	0	0	0	0	0	0	0	0	0	0	0	
046147	00000000461474	NONI X KG S E              		0	0050000	0	0	0	1	0	0	0	000	0	1	1	1	1	0	0	0	0	0	0	0	0	0	0	0	0	0	1	0	0	0	0	0	0	0	0	0	0	0	0	0	0	0	0	0	0	0	0	0	0	0	0	0	0	0	
046172	00000000461726	ABOCADO X KG S E           		0	0064300	0	0	0	1	0	0	0	000	0	1	1	1	1	0	0	0	0	0	0	0	0	0	0	0	0	0	1	0	0	0	0	0	0	0	0	0	0	0	0	0	0	0	0	0	0	0	0	0	0	0	0	0	0	0	
057096	00000000570961	NARANJA IMPORT  EN BANDEJA 		0	0008650	0	0	0	1	0	0	0	000	0	1	1	1	1	0	0	0	0	0	0	0	0	0	0	0	0	0	1	0	0	0	0	0	0	0	0	0	0	0	0	0	0	0	0	0	0	0	0	0	0	0	0	0	0	0	
057121	00000000571210	MORRONES SURTIDOS X KG S E 		0	0042850	0	0	0	1	0	0	0	000	0	1	1	1	1	0	0	0	0	0	0	0	0	0	0	0	0	0	1	0	0	0	0	0	0	0	0	0	0	0	0	0	0	0	0	0	0	0	0	0	0	0	0	0	0	0	
057122	00000000571227	CHILES VERDES X KG S E     		0	0049950	0	0	0	1	0	0	0	000	0	1	1	1	1	0	0	0	0	0	0	0	0	0	0	0	0	0	1	0	0	0	0	0	0	0	0	0	0	0	0	0	0	0	0	0	0	0	0	0	0	0	0	0	0	0	
057155	00000000571555	LOCOTE HABANERO XKG S E    		0	0121450	0	0	0	1	0	0	0	000	0	1	1	1	1	0	0	0	0	0	0	0	0	0	0	0	0	0	1	0	0	0	0	0	0	0	0	0	0	0	0	0	0	0	0	0	0	0	0	0	0	0	0	0	0	0	
057395	00000000573955	LOCOTE PALERMO X KG S E    		0	0057150	0	0	0	1	0	0	0	000	0	1	1	1	1	0	0	0	0	0	0	0	0	0	0	0	0	0	1	0	0	0	0	0	0	0	0	0	0	0	0	0	0	0	0	0	0	0	0	0	0	0	0	0	0	0	
057947	00000000579476	BROTES VARIOS KOEJU XUN BJA		0	0019100	0	0	1	1	0	0	0	000	0	1	1	1	1	0	0	0	0	0	0	0	0	0	0	0	0	0	1	0	0	0	0	0	0	0	0	0	0	0	0	0	0	0	0	0	0	0	0	0	0	0	0	0	0	0	
057948	00000000579483	FLORES COMESTIBLES KOEJU XU		0	0011750	0	0	1	1	0	0	0	000	0	1	1	1	1	0	0	0	0	0	0	0	0	0	0	0	0	0	1	0	0	0	0	0	0	0	0	0	0	0	0	0	0	0	0	0	0	0	0	0	0	0	0	0	0	0	
058231	00000000582315	EUCALIPTO MENTOLADO X MAZO 		0	0001650	0	0	1	1	0	0	0	000	0	1	1	1	1	0	0	0	0	0	0	0	0	0	0	0	0	0	1	0	0	0	0	0	0	0	0	0	0	0	0	0	0	0	0	0	0	0	0	0	0	0	0	0	0	0	
058676	00000000586764	RUCULA MORADA ORGANICA KOEJ		0	0022100	0	0	1	1	0	0	0	000	0	1	1	1	1	0	0	0	0	0	0	0	0	0	0	0	0	0	1	0	0	0	0	0	0	0	0	0	0	0	0	0	0	0	0	0	0	0	0	0	0	0	0	0	0	0	
058677	00000000586771	HOJA DE CAPUCCINA ORGANICA 		0	0008600	0	0	1	1	0	0	0	000	0	1	1	1	1	0	0	0	0	0	0	0	0	0	0	0	0	0	1	0	0	0	0	0	0	0	0	0	0	0	0	0	0	0	0	0	0	0	0	0	0	0	0	0	0	0	
058678	00000000586788	YERBA BUENA ORGANICA KOEJU 		0	0007400	0	0	1	1	0	0	0	000	0	1	1	1	1	0	0	0	0	0	0	0	0	0	0	0	0	0	1	0	0	0	0	0	0	0	0	0	0	0	0	0	0	0	0	0	0	0	0	0	0	0	0	0	0	0	
058679	00000000586795	MENTA INGLESA ORGANICA KOEJ		0	0008700	0	0	1	1	0	0	0	000	0	1	1	1	1	0	0	0	0	0	0	0	0	0	0	0	0	0	1	0	0	0	0	0	0	0	0	0	0	0	0	0	0	0	0	0	0	0	0	0	0	0	0	0	0	0	
058680	00000000586801	TOMILLO ORGANICO KOEJU BJA 		0	0010000	0	0	1	1	0	0	0	000	0	1	1	1	1	0	0	0	0	0	0	0	0	0	0	0	0	0	1	0	0	0	0	0	0	0	0	0	0	0	0	0	0	0	0	0	0	0	0	0	0	0	0	0	0	0	
058681	00000000586818	RUCULA BABY ORGANIC KOEJU B		0	0015600	0	0	1	1	0	0	0	000	0	1	1	1	1	0	0	0	0	0	0	0	0	0	0	0	0	0	1	0	0	0	0	0	0	0	0	0	0	0	0	0	0	0	0	0	0	0	0	0	0	0	0	0	0	0	
058682	00000000586825	ROMERO ORGANICO KOEJU BJA X		0	0010000	0	0	1	1	0	0	0	000	0	1	1	1	1	0	0	0	0	0	0	0	0	0	0	0	0	0	1	0	0	0	0	0	0	0	0	0	0	0	0	0	0	0	0	0	0	0	0	0	0	0	0	0	0	0	
058683	00000000586832	ZANAHORIA BABY C HOJAS KOEJ		0	0006500	0	0	1	1	0	0	0	000	0	1	1	1	1	0	0	0	0	0	0	0	0	0	0	0	0	0	1	0	0	0	0	0	0	0	0	0	0	0	0	0	0	0	0	0	0	0	0	0	0	0	0	0	0	0	
058684	00000000586849	MACETA DE AROMATICAS KOEJU 		0	0025350	0	0	1	1	0	0	0	000	0	1	1	1	1	0	0	0	0	0	0	0	0	0	0	0	0	0	1	0	0	0	0	0	0	0	0	0	0	0	0	0	0	0	0	0	0	0	0	0	0	0	0	0	0	0	
058685	00000000586856	RUCULA WASABI ORGANICA KOEJ		0	0012500	0	0	1	1	0	0	0	000	0	1	1	1	1	0	0	0	0	0	0	0	0	0	0	0	0	0	1	0	0	0	0	0	0	0	0	0	0	0	0	0	0	0	0	0	0	0	0	0	0	0	0	0	0	0	
058705	00000000587051	KALE X UNIDAD              		0	0020250	0	0	1	1	0	0	0	000	0	1	1	1	1	0	0	0	0	0	0	0	0	0	0	0	0	0	1	0	0	0	0	0	0	0	0	0	0	0	0	0	0	0	0	0	0	0	0	0	0	0	0	0	0	0	
058706	00000000587068	KALE NACIONAL X UN         		0	0003800	0	0	1	1	0	0	0	000	0	1	1	1	1	0	0	0	0	0	0	0	0	0	0	0	0	0	1	0	0	0	0	0	0	0	0	0	0	0	0	0	0	0	0	0	0	0	0	0	0	0	0	0	0	0	
058891	00000000588911	AJI AMARILLO X KG          		0	0050000	0	0	0	1	0	0	0	000	0	1	1	1	1	0	0	0	0	0	0	0	0	0	0	0	0	0	1	0	0	0	0	0	0	0	0	0	0	0	0	0	0	0	0	0	0	0	0	0	0	0	0	0	0	0	
058892	00000000588928	MANDARINA ESPECIAL XKG     		0	0020550	0	0	0	1	0	0	0	000	0	1	1	1	1	0	0	0	0	0	0	0	0	0	0	0	0	0	1	0	0	0	0	0	0	0	0	0	0	0	0	0	0	0	0	0	0	0	0	0	0	0	0	0	0	0	
059148	00000000591485	ACELGA PENCA ORG NARANJA XU		0	0003900	0	0	1	1	0	0	0	000	0	1	1	1	1	0	0	0	0	0	0	0	0	0	0	0	0	0	1	0	0	0	0	0	0	0	0	0	0	0	0	0	0	0	0	0	0	0	0	0	0	0	0	0	0	0	
059149	00000000591492	ACELGA PENCA ORG  ROJA X UN		0	0003900	0	0	1	1	0	0	0	000	0	1	1	1	1	0	0	0	0	0	0	0	0	0	0	0	0	0	1	0	0	0	0	0	0	0	0	0	0	0	0	0	0	0	0	0	0	0	0	0	0	0	0	0	0	0	
059159	00000000591591	RADICCHIO ORG  ROSSO X KG  		0	0013650	0	0	0	1	0	0	0	000	0	1	1	1	1	0	0	0	0	0	0	0	0	0	0	0	0	0	1	0	0	0	0	0	0	0	0	0	0	0	0	0	0	0	0	0	0	0	0	0	0	0	0	0	0	0	
059161	00000000591614	COL DE BRUSELAS PAQ X KG   		0	0039000	0	0	0	1	0	0	0	000	0	1	1	1	1	0	0	0	0	0	0	0	0	0	0	0	0	0	1	0	0	0	0	0	0	0	0	0	0	0	0	0	0	0	0	0	0	0	0	0	0	0	0	0	0	0	
059162	00000000591621	KALE ORG  X MAZO           		0	0003900	0	0	1	1	0	0	0	000	0	1	1	1	1	0	0	0	0	0	0	0	0	0	0	0	0	0	1	0	0	0	0	0	0	0	0	0	0	0	0	0	0	0	0	0	0	0	0	0	0	0	0	0	0	0	
059163	00000000591638	BERENJENA AMARILLA BANDEJA 		0	0013000	0	0	0	1	0	0	0	000	0	1	1	1	1	0	0	0	0	0	0	0	0	0	0	0	0	0	1	0	0	0	0	0	0	0	0	0	0	0	0	0	0	0	0	0	0	0	0	0	0	0	0	0	0	0	
059164	00000000591645	MUELLE SANGRIENTO POTE X KG		0	0065000	0	0	0	1	0	0	0	000	0	1	1	1	1	0	0	0	0	0	0	0	0	0	0	0	0	0	1	0	0	0	0	0	0	0	0	0	0	0	0	0	0	0	0	0	0	0	0	0	0	0	0	0	0	0	
059165	00000000591652	TOMATE CERRY GOURMET POTE X		0	0052000	0	0	0	1	0	0	0	000	0	1	1	1	1	0	0	0	0	0	0	0	0	0	0	0	0	0	1	0	0	0	0	0	0	0	0	0	0	0	0	0	0	0	0	0	0	0	0	0	0	0	0	0	0	0	
059166	00000000591669	AJI PICANTE GOURMET POTE X 		0	0104000	0	0	0	1	0	0	0	000	0	1	1	1	1	0	0	0	0	0	0	0	0	0	0	0	0	0	1	0	0	0	0	0	0	0	0	0	0	0	0	0	0	0	0	0	0	0	0	0	0	0	0	0	0	0	
059251	00000000592512	COMBO FYV EN MALLA X UN    		0	0005950	0	0	1	1	0	0	0	000	0	1	1	1	1	0	0	0	0	0	0	0	0	0	0	0	0	0	1	0	0	0	0	0	0	0	0	0	0	0	0	0	0	0	0	0	0	0	0	0	0	0	0	0	0	0	
059287	00000000592871	MANZANA COLEGIALA EN PAQ X 		0	0014350	0	0	0	1	0	0	0	000	0	1	1	1	1	0	0	0	0	0	0	0	0	0	0	0	0	0	1	0	0	0	0	0	0	0	0	0	0	0	0	0	0	0	0	0	0	0	0	0	0	0	0	0	0	0	
059288	00000000592888	MANZANA SUPER EN PAQ  X KG 		0	0014950	0	0	0	1	0	0	0	000	0	1	1	1	1	0	0	0	0	0	0	0	0	0	0	0	0	0	1	0	0	0	0	0	0	0	0	0	0	0	0	0	0	0	0	0	0	0	0	0	0	0	0	0	0	0	
059289	00000000592895	MANZANA VERDE EN PAQ  X KG 		0	0016400	0	0	0	1	0	0	0	000	0	1	1	1	1	0	0	0	0	0	0	0	0	0	0	0	0	0	1	0	0	0	0	0	0	0	0	0	0	0	0	0	0	0	0	0	0	0	0	0	0	0	0	0	0	0	
059290	00000000592901	MANZANA FUJI EN PAQ  X KG  		0	0034350	0	0	0	1	0	0	0	000	0	1	1	1	1	0	0	0	0	0	0	0	0	0	0	0	0	0	1	0	0	0	0	0	0	0	0	0	0	0	0	0	0	0	0	0	0	0	0	0	0	0	0	0	0	0	
059291	00000000592918	NARANJA EN PAQ X KG        		0	0006700	0	0	0	1	0	0	0	000	0	1	1	1	1	0	0	0	0	0	0	0	0	0	0	0	0	0	1	0	0	0	0	0	0	0	0	0	0	0	0	0	0	0	0	0	0	0	0	0	0	0	0	0	0	0	
059292	00000000592925	LIMON TAHITI EN PAQ X KG   		0	0008650	0	0	0	1	0	0	0	000	0	1	1	1	1	0	0	0	0	0	0	0	0	0	0	0	0	0	1	0	0	0	0	0	0	0	0	0	0	0	0	0	0	0	0	0	0	0	0	0	0	0	0	0	0	0	
059293	00000000592932	LOCOTE VERDE EN PAQ X KG   		0	0018800	0	0	0	1	0	0	0	000	0	1	1	1	1	0	0	0	0	0	0	0	0	0	0	0	0	0	1	0	0	0	0	0	0	0	0	0	0	0	0	0	0	0	0	0	0	0	0	0	0	0	0	0	0	0	
059294	00000000592949	LOCOTE AMARILLO EN PAQ X KG		0	0031350	0	0	0	1	0	0	0	000	0	1	1	1	1	0	0	0	0	0	0	0	0	0	0	0	0	0	1	0	0	0	0	0	0	0	0	0	0	0	0	0	0	0	0	0	0	0	0	0	0	0	0	0	0	0	
059295	00000000592956	LOCOTE ROJO EN PAQ X KG    		0	0029850	0	0	0	1	0	0	0	000	0	1	1	1	1	0	0	0	0	0	0	0	0	0	0	0	0	0	1	0	0	0	0	0	0	0	0	0	0	0	0	0	0	0	0	0	0	0	0	0	0	0	0	0	0	0	
059296	00000000592963	PERA EN PAQ X KG           		0	0012700	0	0	0	1	0	0	0	000	0	1	1	1	1	0	0	0	0	0	0	0	0	0	0	0	0	0	1	0	0	0	0	0	0	0	0	0	0	0	0	0	0	0	0	0	0	0	0	0	0	0	0	0	0	0	
059297	00000000592970	BATATA EN PAQ X KG         		0	0009700	0	0	0	1	0	0	0	000	0	1	1	1	1	0	0	0	0	0	0	0	0	0	0	0	0	0	1	0	0	0	0	0	0	0	0	0	0	0	0	0	0	0	0	0	0	0	0	0	0	0	0	0	0	0	
059298	00000000592987	CEBOLLA MORADA EN PAQ X KG 		0	0014950	0	0	0	1	0	0	0	000	0	1	1	1	1	0	0	0	0	0	0	0	0	0	0	0	0	0	1	0	0	0	0	0	0	0	0	0	0	0	0	0	0	0	0	0	0	0	0	0	0	0	0	0	0	0	
059299	00000000592994	MANDARINA EN PAQ X KG      		0	0010450	0	0	0	1	0	0	0	000	0	1	1	1	1	0	0	0	0	0	0	0	0	0	0	0	0	0	1	0	0	0	0	0	0	0	0	0	0	0	0	0	0	0	0	0	0	0	0	0	0	0	0	0	0	0	
059303	00000000593038	PAPA BLANCA EN PAQ X KG    		0	0011500	0	0	0	1	0	0	0	000	0	1	1	1	1	0	0	0	0	0	0	0	0	0	0	0	0	0	1	0	0	0	0	0	0	0	0	0	0	0	0	0	0	0	0	0	0	0	0	0	0	0	0	0	0	0	
059304	00000000593045	PEPINO EN PAQ X KG         		0	0010450	0	0	0	1	0	0	0	000	0	1	1	1	1	0	0	0	0	0	0	0	0	0	0	0	0	0	1	0	0	0	0	0	0	0	0	0	0	0	0	0	0	0	0	0	0	0	0	0	0	0	0	0	0	0	
059305	00000000593052	REMOLACHA EN PAQ X KG      		0	0010450	0	0	0	1	0	0	0	000	0	1	1	1	1	0	0	0	0	0	0	0	0	0	0	0	0	0	1	0	0	0	0	0	0	0	0	0	0	0	0	0	0	0	0	0	0	0	0	0	0	0	0	0	0	0	
059306	00000000593069	TOMATE STA CRUZ EN PAQ X KG		0	0014200	0	0	0	1	0	0	0	000	0	1	1	1	1	0	0	0	0	0	0	0	0	0	0	0	0	0	1	0	0	0	0	0	0	0	0	0	0	0	0	0	0	0	0	0	0	0	0	0	0	0	0	0	0	0	
059307	00000000593076	TOMATE LISA EN PAQ X KG    		0	0016400	0	0	0	1	0	0	0	000	0	1	1	1	1	0	0	0	0	0	0	0	0	0	0	0	0	0	1	0	0	0	0	0	0	0	0	0	0	0	0	0	0	0	0	0	0	0	0	0	0	0	0	0	0	0	
059308	00000000593083	ZANAHORIA EN PAQ X KG      		0	0013150	0	0	0	1	0	0	0	000	0	1	1	1	1	0	0	0	0	0	0	0	0	0	0	0	0	0	1	0	0	0	0	0	0	0	0	0	0	0	0	0	0	0	0	0	0	0	0	0	0	0	0	0	0	0	
059309	00000000593090	DURAZNO EN PAQ X KG        		0	0026850	0	0	0	1	0	0	0	000	0	1	1	1	1	0	0	0	0	0	0	0	0	0	0	0	0	0	1	0	0	0	0	0	0	0	0	0	0	0	0	0	0	0	0	0	0	0	0	0	0	0	0	0	0	0	
059310	00000000593106	PELON EN PAQ X KG          		0	0029850	0	0	0	1	0	0	0	000	0	1	1	1	1	0	0	0	0	0	0	0	0	0	0	0	0	0	1	0	0	0	0	0	0	0	0	0	0	0	0	0	0	0	0	0	0	0	0	0	0	0	0	0	0	0	
059320	00000000593205	CIRUELA EN PAQ X KG        		0	0026850	0	0	0	1	0	0	0	000	0	1	1	1	1	0	0	0	0	0	0	0	0	0	0	0	0	0	1	0	0	0	0	0	0	0	0	0	0	0	0	0	0	0	0	0	0	0	0	0	0	0	0	0	0	0	
059450	00000000594509	COLINABO ORG XKG           		0	0003950	0	0	0	1	0	0	0	000	0	1	1	1	1	0	0	0	0	0	0	0	0	0	0	0	0	0	1	0	0	0	0	0	0	0	0	0	0	0	0	0	0	0	0	0	0	0	0	0	0	0	0	0	0	0	
090000	00000000900003	MANZANA S E 1 KG VERDE VERD		0	0015700	0	0	0	1	0	0	0	000	0	1	1	1	1	0	0	0	0	0	0	0	0	0	0	0	0	0	1	0	0	0	0	0	0	0	0	0	0	0	0	0	0	0	0	0	0	0	0	0	0	0	0	0	0	0	
090001	00000000900010	MANZANA S E 1 KG ROJO IMPRT		0	0013550	0	0	0	1	0	0	0	000	0	1	1	1	1	0	0	0	0	0	0	0	0	0	0	0	0	0	1	0	0	0	0	0	0	0	0	0	0	0	0	0	0	0	0	0	0	0	0	0	0	0	0	0	0	0	
090002	00000000900027	MANZANA S E 1 COLEGIALA    		0	0012150	0	0	0	1	0	0	0	000	0	1	1	1	1	0	0	0	0	0	0	0	0	0	0	0	0	0	1	0	0	0	0	0	0	0	0	0	0	0	0	0	0	0	0	0	0	0	0	0	0	0	0	0	0	0	
090003	00000000900034	MANZANA SUPER X KG         		0	0012650	0	0	0	1	0	0	0	000	0	1	1	1	1	0	0	0	0	0	0	0	0	0	0	0	0	0	1	0	0	0	0	0	0	0	0	0	0	0	0	0	0	0	0	0	0	0	0	0	0	0	0	0	0	0	
090005	00000000900058	PERA S E 1 KG DE AGUA SUPER		0	0023550	0	0	0	1	0	0	0	000	0	1	1	1	1	0	0	0	0	0	0	0	0	0	0	0	0	0	1	0	0	0	0	0	0	0	0	0	0	0	0	0	0	0	0	0	0	0	0	0	0	0	0	0	0	0	
090006	00000000900065	BANANA S E 1 KG ORO        		0	0017850	0	0	0	1	0	0	0	000	0	1	1	1	1	0	0	0	0	0	0	0	0	0	0	0	0	0	1	0	0	0	0	0	0	0	0	0	0	0	0	0	0	0	0	0	0	0	0	0	0	0	0	0	0	0	
090007	00000000900072	BANANA KARAPE X KG         		0	0007950	0	0	0	1	0	0	0	000	0	1	1	1	1	0	0	0	0	0	0	0	0	0	0	0	0	0	1	0	0	0	0	0	0	0	0	0	0	0	0	0	0	0	0	0	0	0	0	0	0	0	0	0	0	0	
090008	00000000900089	MAMON CHICO BRASIL X KG    		0	0021450	0	0	0	1	0	0	0	000	0	1	1	1	1	0	0	0	0	0	0	0	0	0	0	0	0	0	1	0	0	0	0	0	0	0	0	0	0	0	0	0	0	0	0	0	0	0	0	0	0	0	0	0	0	0	
090009	00000000900096	MAMON S E 1 KG GRANDE      		0	0019850	0	0	0	1	0	0	0	000	0	1	1	1	1	0	0	0	0	0	0	0	0	0	0	0	0	0	1	0	0	0	0	0	0	0	0	0	0	0	0	0	0	0	0	0	0	0	0	0	0	0	0	0	0	0	
090010	00000000900102	UVA S E 1 KG BLANCA NACIONA		0	0012050	0	0	0	1	0	0	0	000	0	1	1	1	1	0	0	0	0	0	0	0	0	0	0	0	0	0	1	0	0	0	0	0	0	0	0	0	0	0	0	0	0	0	0	0	0	0	0	0	0	0	0	0	0	0	
090011	00000000900119	UVA S E 1 KG NEGRA NACIONAL		0	0025700	0	0	0	1	0	0	0	000	0	1	1	1	1	0	0	0	0	0	0	0	0	0	0	0	0	0	1	0	0	0	0	0	0	0	0	0	0	0	0	0	0	0	0	0	0	0	0	0	0	0	0	0	0	0	
090012	00000000900126	UVA S E 1 KG NEGRA BRASIL  		0	0032850	0	0	0	1	0	0	0	000	0	1	1	1	1	0	0	0	0	0	0	0	0	0	0	0	0	0	1	0	0	0	0	0	0	0	0	0	0	0	0	0	0	0	0	0	0	0	0	0	0	0	0	0	0	0	
090013	00000000900133	UVA S E 1 KG ROSADA NACIONA		0	0012050	0	0	0	1	0	0	0	000	0	1	1	1	1	0	0	0	0	0	0	0	0	0	0	0	0	0	1	0	0	0	0	0	0	0	0	0	0	0	0	0	0	0	0	0	0	0	0	0	0	0	0	0	0	0	
090014	00000000900140	KIWI S E 1 KG              		0	0065700	0	0	0	1	0	0	0	000	0	1	1	1	1	0	0	0	0	0	0	0	0	0	0	0	0	0	1	0	0	0	0	0	0	0	0	0	0	0	0	0	0	0	0	0	0	0	0	0	0	0	0	0	0	0	
090019	00000000900195	POMELO S E 1 KG NACIONAL   		0	0004800	0	0	0	1	0	0	0	000	0	1	1	1	1	0	0	0	0	0	0	0	0	0	0	0	0	0	1	0	0	0	0	0	0	0	0	0	0	0	0	0	0	0	0	0	0	0	0	0	0	0	0	0	0	0	
090021	00000000900218	POMELO S E 1 KG ROJO       		0	0025700	0	0	0	1	0	0	0	000	0	1	1	1	1	0	0	0	0	0	0	0	0	0	0	0	0	0	1	0	0	0	0	0	0	0	0	0	0	0	0	0	0	0	0	0	0	0	0	0	0	0	0	0	0	0	
090024	00000000900249	MANDARINA S E 1 KG MURCOT  		0	0007550	0	0	0	1	0	0	0	000	0	1	1	1	1	0	0	0	0	0	0	0	0	0	0	0	0	0	1	0	0	0	0	0	0	0	0	0	0	0	0	0	0	0	0	0	0	0	0	0	0	0	0	0	0	0	
090025	00000000900256	GUAYABA S E 1 KG           		0	0030000	0	0	0	1	0	0	0	000	0	1	1	1	1	0	0	0	0	0	0	0	0	0	0	0	0	0	1	0	0	0	0	0	0	0	0	0	0	0	0	0	0	0	0	0	0	0	0	0	0	0	0	0	0	0	
090026	00000000900263	MANGO S E 1 KG BRAZIL      		0	0013000	0	0	0	1	0	0	0	000	0	1	1	1	1	0	0	0	0	0	0	0	0	0	0	0	0	0	1	0	0	0	0	0	0	0	0	0	0	0	0	0	0	0	0	0	0	0	0	0	0	0	0	0	0	0	
090027	00000000900270	MELON S E 1 KG BRASILERO   		0	0014300	0	0	0	1	0	0	0	000	0	1	1	1	1	0	0	0	0	0	0	0	0	0	0	0	0	0	1	0	0	0	0	0	0	0	0	0	0	0	0	0	0	0	0	0	0	0	0	0	0	0	0	0	0	0	
090028	00000000900287	PI A S E 1 KG BRASILERO    		0	0014300	0	0	0	1	0	0	0	000	0	1	1	1	1	0	0	0	0	0	0	0	0	0	0	0	0	0	1	0	0	0	0	0	0	0	0	0	0	0	0	0	0	0	0	0	0	0	0	0	0	0	0	0	0	0	
090029	00000000900294	PI A S E 1 KG NACIONAL     		0	0014550	0	0	0	1	0	0	0	000	0	1	1	1	1	0	0	0	0	0	0	0	0	0	0	0	0	0	1	0	0	0	0	0	0	0	0	0	0	0	0	0	0	0	0	0	0	0	0	0	0	0	0	0	0	0	
090030	00000000900300	SANDIA X KG                		0	0006100	0	0	0	1	0	0	0	000	0	1	1	1	1	0	0	0	0	0	0	0	0	0	0	0	0	0	1	0	0	0	0	0	0	0	0	0	0	0	0	0	0	0	0	0	0	0	0	0	0	0	0	0	0	0	
090031	00000000900317	AGUACATE X KG              		0	0035700	0	0	0	1	0	0	0	000	0	1	1	1	1	0	0	0	0	0	0	0	0	0	0	0	0	0	1	0	0	0	0	0	0	0	0	0	0	0	0	0	0	0	0	0	0	0	0	0	0	0	0	0	0	0	
090032	00000000900324	CARAMBOLA S E 1 KG         		0	0005700	0	0	0	1	0	0	0	000	0	1	1	1	1	0	0	0	0	0	0	0	0	0	0	0	0	0	1	0	0	0	0	0	0	0	0	0	0	0	0	0	0	0	0	0	0	0	0	0	0	0	0	0	0	0	
090033	00000000900331	MBURUCUYA S E 1 KG         		0	0024300	0	0	0	1	0	0	0	000	0	1	1	1	1	0	0	0	0	0	0	0	0	0	0	0	0	0	1	0	0	0	0	0	0	0	0	0	0	0	0	0	0	0	0	0	0	0	0	0	0	0	0	0	0	0	
090034	00000000900348	COCO S E 1 KG MARRON       		0	0018550	0	0	0	1	0	0	0	000	0	1	1	1	1	0	0	0	0	0	0	0	0	0	0	0	0	0	1	0	0	0	0	0	0	0	0	0	0	0	0	0	0	0	0	0	0	0	0	0	0	0	0	0	0	0	
090035	00000000900355	MANZANA EN BANDEJA BJA 1 KG		0	0014500	0	0	0	1	0	0	0	000	0	1	1	1	1	0	0	0	0	0	0	0	0	0	0	0	0	0	1	0	0	0	0	0	0	0	0	0	0	0	0	0	0	0	0	0	0	0	0	0	0	0	0	0	0	0	
090036	00000000900362	MANZANA VERDE EXTRA EN BAND		0	0018050	0	0	0	1	0	0	0	000	0	1	1	1	1	0	0	0	0	0	0	0	0	0	0	0	0	0	1	0	0	0	0	0	0	0	0	0	0	0	0	0	0	0	0	0	0	0	0	0	0	0	0	0	0	0	
090038	00000000900386	NARANJA EN BANDEJA BJA 1 KG		0	0006350	0	0	0	1	0	0	0	000	0	1	1	1	1	0	0	0	0	0	0	0	0	0	0	0	0	0	1	0	0	0	0	0	0	0	0	0	0	0	0	0	0	0	0	0	0	0	0	0	0	0	0	0	0	0	
090042	00000000900423	REPOLLO S E 1 KG BLANCO    		0	0007950	0	0	0	1	0	0	0	000	0	1	1	1	1	0	0	0	0	0	0	0	0	0	0	0	0	0	1	0	0	0	0	0	0	0	0	0	0	0	0	0	0	0	0	0	0	0	0	0	0	0	0	0	0	0	
090043	00000000900430	REPOLLO S E 1 KG MORADO    		0	0013450	0	0	0	1	0	0	0	000	0	1	1	1	1	0	0	0	0	0	0	0	0	0	0	0	0	0	1	0	0	0	0	0	0	0	0	0	0	0	0	0	0	0	0	0	0	0	0	0	0	0	0	0	0	0	
090044	00000000900447	PAPA BLANCA BRASIL S E X KG		0	0011000	0	0	0	1	0	0	0	000	0	1	1	1	1	0	0	0	0	0	0	0	0	0	0	0	0	0	1	0	0	0	0	0	0	0	0	0	0	0	0	0	0	0	0	0	0	0	0	0	0	0	0	0	0	0	
090047	00000000900478	MANDIOCA S E 1 KG          		0	0005450	0	0	0	1	0	0	0	000	0	1	1	1	1	0	0	0	0	0	0	0	0	0	0	0	0	0	1	0	0	0	0	0	0	0	0	0	0	0	0	0	0	0	0	0	0	0	0	0	0	0	0	0	0	0	
090048	00000000900485	TOMATE LISA S E 1 KG       		0	0013950	0	0	0	1	0	0	0	000	0	1	1	1	1	0	0	0	0	0	0	0	0	0	0	0	0	0	1	0	0	0	0	0	0	0	0	0	0	0	0	0	0	0	0	0	0	0	0	0	0	0	0	0	0	0	
090049	00000000900492	TOMATE S E 1 KG SANTA CRUZ 		0	0011850	0	0	0	1	0	0	0	000	0	1	1	1	1	0	0	0	0	0	0	0	0	0	0	0	0	0	1	0	0	0	0	0	0	0	0	0	0	0	0	0	0	0	0	0	0	0	0	0	0	0	0	0	0	0	
090050	00000000900508	LOCOTE S E 1 KG LILA       		0	0054300	0	0	0	1	0	0	0	000	0	1	1	1	1	0	0	0	0	0	0	0	0	0	0	0	0	0	1	0	0	0	0	0	0	0	0	0	0	0	0	0	0	0	0	0	0	0	0	0	0	0	0	0	0	0	
090051	00000000900515	LOCOTE ROJO S E  KG NACIONA		0	0014300	0	0	0	1	0	0	0	000	0	1	1	1	1	0	0	0	0	0	0	0	0	0	0	0	0	0	1	0	0	0	0	0	0	0	0	0	0	0	0	0	0	0	0	0	0	0	0	0	0	0	0	0	0	0	
090052	00000000900522	LOCOTE S E 1 KG VERDE      		0	0015950	0	0	0	1	0	0	0	000	0	1	1	1	1	0	0	0	0	0	0	0	0	0	0	0	0	0	1	0	0	0	0	0	0	0	0	0	0	0	0	0	0	0	0	0	0	0	0	0	0	0	0	0	0	0	
090053	00000000900539	LOCOTE S E 1 KG AMARILLO   		0	0028750	0	0	0	1	0	0	0	000	0	1	1	1	1	0	0	0	0	0	0	0	0	0	0	0	0	0	1	0	0	0	0	0	0	0	0	0	0	0	0	0	0	0	0	0	0	0	0	0	0	0	0	0	0	0	
090056	00000000900560	REMOLACHA S E 1 KG         		0	0010000	0	0	0	1	0	0	0	000	0	1	1	1	1	0	0	0	0	0	0	0	0	0	0	0	0	0	1	0	0	0	0	0	0	0	0	0	0	0	0	0	0	0	0	0	0	0	0	0	0	0	0	0	0	0	
090057	00000000900577	BERENJENA S E X KG         		0	0015000	0	0	0	1	0	0	0	000	0	1	1	1	1	0	0	0	0	0	0	0	0	0	0	0	0	0	1	0	0	0	0	0	0	0	0	0	0	0	0	0	0	0	0	0	0	0	0	0	0	0	0	0	0	0	
090058	00000000900584	CHUCHU S E 1 KG            		0	0010700	0	0	0	1	0	0	0	000	0	1	1	1	1	0	0	0	0	0	0	0	0	0	0	0	0	0	1	0	0	0	0	0	0	0	0	0	0	0	0	0	0	0	0	0	0	0	0	0	0	0	0	0	0	0	
090059	00000000900591	ARVEJA S E 1 KG            		0	0031350	0	0	0	1	0	0	0	000	0	1	1	1	1	0	0	0	0	0	0	0	0	0	0	0	0	0	1	0	0	0	0	0	0	0	0	0	0	0	0	0	0	0	0	0	0	0	0	0	0	0	0	0	0	0	
090060	00000000900607	BATATA S E 1 KG BLANCA     		0	0005150	0	0	0	1	0	0	0	000	0	1	1	1	1	0	0	0	0	0	0	0	0	0	0	0	0	0	1	0	0	0	0	0	0	0	0	0	0	0	0	0	0	0	0	0	0	0	0	0	0	0	0	0	0	0	
090061	00000000900614	BATATA S E 1 KG ROJA       		0	0004100	0	0	0	1	0	0	0	000	0	1	1	1	1	0	0	0	0	0	0	0	0	0	0	0	0	0	1	0	0	0	0	0	0	0	0	0	0	0	0	0	0	0	0	0	0	0	0	0	0	0	0	0	0	0	
090062	00000000900621	CALABACITA S E 1 KG BRAZIL 		0	0011450	0	0	0	1	0	0	0	000	0	1	1	1	1	0	0	0	0	0	0	0	0	0	0	0	0	0	1	0	0	0	0	0	0	0	0	0	0	0	0	0	0	0	0	0	0	0	0	0	0	0	0	0	0	0	
090064	00000000900645	CHOCLO S E 1 KG DESGRANADO 		0	0013950	0	0	0	1	0	0	0	000	0	1	1	1	1	0	0	0	0	0	0	0	0	0	0	0	0	0	1	0	0	0	0	0	0	0	0	0	0	0	0	0	0	0	0	0	0	0	0	0	0	0	0	0	0	0	
090065	00000000900652	ACELGA S E 1 KG JAPONES    		0	0017150	0	0	0	1	0	0	0	000	0	1	1	1	1	0	0	0	0	0	0	0	0	0	0	0	0	0	1	0	0	0	0	0	0	0	0	0	0	0	0	0	0	0	0	0	0	0	0	0	0	0	0	0	0	0	
090066	00000000900669	GENGIBRE S E 1 KG          		0	0022150	0	0	0	1	0	0	0	000	0	1	1	1	1	0	0	0	0	0	0	0	0	0	0	0	0	0	1	0	0	0	0	0	0	0	0	0	0	0	0	0	0	0	0	0	0	0	0	0	0	0	0	0	0	0	
090067	00000000900676	CHAUCHA S E 1 KG CORTA     		0	0028550	0	0	0	1	0	0	0	000	0	1	1	1	1	0	0	0	0	0	0	0	0	0	0	0	0	0	1	0	0	0	0	0	0	0	0	0	0	0	0	0	0	0	0	0	0	0	0	0	0	0	0	0	0	0	
090068	00000000900683	ZAPALLO S E 1 KG NACIONAL  		0	0004800	0	0	0	1	0	0	0	000	0	1	1	1	1	0	0	0	0	0	0	0	0	0	0	0	0	0	1	0	0	0	0	0	0	0	0	0	0	0	0	0	0	0	0	0	0	0	0	0	0	0	0	0	0	0	
090070	00000000900706	ZAPALLITO DE TRONCO X KG   		0	0008550	0	0	0	1	0	0	0	000	0	1	1	1	1	0	0	0	0	0	0	0	0	0	0	0	0	0	1	0	0	0	0	0	0	0	0	0	0	0	0	0	0	0	0	0	0	0	0	0	0	0	0	0	0	0	
090071	00000000900713	ZANAHORIA EN BANDEJA BJA 1 		0	0012100	0	0	0	1	0	0	0	000	0	1	1	1	1	0	0	0	0	0	0	0	0	0	0	0	0	0	1	0	0	0	0	0	0	0	0	0	0	0	0	0	0	0	0	0	0	0	0	0	0	0	0	0	0	0	
090072	00000000900720	TOMATE LISA X KG EN BANDEJA		0	0016000	0	0	0	1	0	0	0	000	0	1	1	1	1	0	0	0	0	0	0	0	0	0	0	0	0	0	1	0	0	0	0	0	0	0	0	0	0	0	0	0	0	0	0	0	0	0	0	0	0	0	0	0	0	0	
090073	00000000900737	LOCOTE ROJO EXTRA EN BANDEJ		0	0031500	0	0	0	1	0	0	0	000	0	1	1	1	1	0	0	0	0	0	0	0	0	0	0	0	0	0	1	0	0	0	0	0	0	0	0	0	0	0	0	0	0	0	0	0	0	0	0	0	0	0	0	0	0	0	
090074	00000000900744	LOCOTE VERDE EXTRA EN BANDE		0	0018300	0	0	0	1	0	0	0	000	0	1	1	1	1	0	0	0	0	0	0	0	0	0	0	0	0	0	1	0	0	0	0	0	0	0	0	0	0	0	0	0	0	0	0	0	0	0	0	0	0	0	0	0	0	0	
090078	00000000900782	PAPA EN MALLA X KILO       		0	0008000	0	0	0	1	0	0	0	000	0	1	1	1	1	0	0	0	0	0	0	0	0	0	0	0	0	0	1	0	0	0	0	0	0	0	0	0	0	0	0	0	0	0	0	0	0	0	0	0	0	0	0	0	0	0	
090079	00000000900799	CEBOLLA EN MALLA MLL 1 KG A		0	0007300	0	0	0	1	0	0	0	000	0	1	1	1	1	0	0	0	0	0	0	0	0	0	0	0	0	0	1	0	0	0	0	0	0	0	0	0	0	0	0	0	0	0	0	0	0	0	0	0	0	0	0	0	0	0	
090304	00000000903042	PERA S E 1 KG ROJA         		0	0035000	0	0	0	1	0	0	0	000	0	1	1	1	1	0	0	0	0	0	0	0	0	0	0	0	0	0	1	0	0	0	0	0	0	0	0	0	0	0	0	0	0	0	0	0	0	0	0	0	0	0	0	0	0	0	
090305	00000000903059	NARANJA S E X KG           		0	0005700	0	0	0	1	0	0	0	000	0	1	1	1	1	0	0	0	0	0	0	0	0	0	0	0	0	0	1	0	0	0	0	0	0	0	0	0	0	0	0	0	0	0	0	0	0	0	0	0	0	0	0	0	0	0	
090306	00000000903066	LIMON S E 1 KG EURECA      		0	0024300	0	0	0	1	0	0	0	000	0	1	1	1	1	0	0	0	0	0	0	0	0	0	0	0	0	0	1	0	0	0	0	0	0	0	0	0	0	0	0	0	0	0	0	0	0	0	0	0	0	0	0	0	0	0	
090310	00000000903103	DAMASCO IMPORTADA          		0	0100000	0	0	0	1	0	0	0	000	0	1	1	1	1	0	0	0	0	0	0	0	0	0	0	0	0	0	1	0	0	0	0	0	0	0	0	0	0	0	0	0	0	0	0	0	0	0	0	0	0	0	0	0	0	0	
090311	00000000903110	KIABO S E 1 KG             		0	0040000	0	0	0	1	0	0	0	000	0	1	1	1	1	0	0	0	0	0	0	0	0	0	0	0	0	0	1	0	0	0	0	0	0	0	0	0	0	0	0	0	0	0	0	0	0	0	0	0	0	0	0	0	0	0	
090321	00000000903219	MBURUCUYA EN BANDEJA BJA 1 		0	0029150	0	0	0	1	0	0	0	000	0	1	1	1	1	0	0	0	0	0	0	0	0	0	0	0	0	0	1	0	0	0	0	0	0	0	0	0	0	0	0	0	0	0	0	0	0	0	0	0	0	0	0	0	0	0	
090324	00000000903240	LIMON EN MALLA MLL 1 KG TAI		0	0008450	0	0	0	1	0	0	0	000	0	1	1	1	1	0	0	0	0	0	0	0	0	0	0	0	0	0	1	0	0	0	0	0	0	0	0	0	0	0	0	0	0	0	0	0	0	0	0	0	0	0	0	0	0	0	
