011003,00000000110037,00,0003200,00,000,0,000,000,00000000,1,0,0,CHOCLO S E 1 UN ESPIGA     ,
011006,00000000110068,00,0028500,00,000,0,000,000,00000000,0,0,0,COLIFLOR S E 1 KG SUPER    ,
011007,00000000110075,00,0020200,00,000,0,000,000,00000000,0,0,0,LECHUGA S E 1 KG REPOLLADA ,
011035,00000000110358,00,0013950,00,000,0,000,000,00000000,1,0,0,CORAZON S E 1 UN           ,
011208,00000000112086,00,0028500,00,000,0,000,000,00000000,0,0,0,BANANA ECUATORIANA         ,
011209,00000000112093,00,0031200,00,000,0,000,000,00000000,0,0,0,UVA S E 1 KG BLANCA BRASIL ,
011210,00000000112109,00,0005400,00,000,0,000,000,00000000,0,0,0,NARANJA OMBLIGO KG         ,
011214,00000000112147,00,0021700,00,000,0,000,000,00000000,0,0,0,LIMON S E 1 KG SUTIL       ,
011215,00000000112154,00,0020350,00,000,0,000,000,00000000,0,0,0,LIMON S E 1 KG REAL        ,
011216,00000000112161,00,0009300,00,000,0,000,000,00000000,0,0,0,MELON S E 1 KG NACIONAL    ,
011217,00000000112178,00,0009300,00,000,0,000,000,00000000,0,0,0,MELON S E 1 KG JAPONESA    ,
011218,00000000112185,00,0023050,00,000,0,000,000,00000000,0,0,0,MELON S E 1 KG DELICIA     ,
011223,00000000112239,00,0023400,00,000,0,000,000,00000000,0,0,0,CIRUELA S E 1 KG ARGENTINA ,
011224,00000000112246,00,0016300,00,000,0,000,000,00000000,0,0,0,DURAZNO NACIONAL S E 1 KG  ,
011226,00000000112260,00,0023400,00,000,0,000,000,00000000,0,0,0,DURAZNO S E 1 KG ARGENTINA ,
011227,00000000112277,00,0027150,00,000,0,000,000,00000000,0,0,0,PELON S E 1 KG ARGENTINA   ,
011228,00000000112284,00,0024450,00,000,0,000,000,00000000,0,0,0,PELON S E 1 KG             ,
011229,00000000112291,00,0115350,00,000,0,000,000,00000000,0,0,0,CEREZA S E X KG            ,
011230,00000000112307,00,0095000,00,000,0,000,000,00000000,0,0,0,NISPERO S E 1 KG           ,
011231,00000000112314,00,0045150,00,000,0,000,000,00000000,0,0,0,FRUTILLA S E NACIONAL X KG ,
011232,00000000112321,00,0054300,00,000,0,000,000,00000000,0,0,0,KAKI BRASILERO S E 1 KG    ,
011233,00000000112338,00,0135700,00,000,0,000,000,00000000,0,0,0,QUINOTO S E 1 KG           ,
011234,00000000112345,00,0061050,00,000,0,000,000,00000000,0,0,0,CIRIMOYA S E 1 KG          ,
011235,00000000112352,00,0169650,00,000,0,000,000,00000000,0,0,0,HIGO S E 1 KG              ,
011284,00000000112840,00,0051550,00,000,0,000,000,00000000,0,0,0,LOCOTE S E 1 KG BLANCO     ,
011294,00000000112949,00,0028500,00,000,0,000,000,00000000,0,0,0,AJI S E 1 KG ROJO          ,
011337,00000000113373,00,0078700,00,000,0,000,000,00000000,0,0,0,ENDIVIA S E X KILO         ,
011356,00000000113564,00,0001700,00,000,0,000,000,00000000,1,0,0,ALBAHACA S E 1 UN MORADA   ,
011378,00000000113786,00,0010200,00,000,0,000,000,00000000,0,0,0,ZAPALLITO S E 1 KG ITALIANO,
011446,00000000114462,00,0128950,00,000,0,000,000,00000000,0,0,0,GRANADA S E 1 KG           ,
011453,00000000114530,00,0013550,00,000,0,000,000,00000000,0,0,0,CEBOLLA DE CABEZA S E  KG R,
011454,00000000114547,00,0005950,00,000,0,000,000,00000000,0,0,0,CEBOLLA X KG               ,
011550,00000000115506,00,0020350,00,000,0,000,000,00000000,0,0,0,BERENJENA IMPORTADA S E 1 K,
011688,00000000116886,00,0018500,00,000,0,000,000,00000000,0,0,0,MUSLO FRESCO PECHUGON S E 1,
012497,00000000124973,00,0055750,00,000,0,000,000,00000000,0,0,0,POROTOS S E 1 KG MANTECA   ,
012498,00000000124980,00,0027850,00,000,0,000,000,00000000,0,0,0,POROTOS S E 1 KG PEKY      ,
012516,00000000125161,00,0019500,00,000,0,000,000,00000000,0,0,0,CIRUELA S E 1 KG NACIONAL  ,
012524,00000000125246,00,0020350,00,000,0,000,000,00000000,1,0,0,BROCOLI S E 1 UN DE CABEZA ,
012667,00000000126670,00,0005950,00,000,0,000,000,00000000,0,0,0,PUCHERO VACUNO X KG        ,
012687,00000000126878,00,0010450,00,000,0,000,000,00000000,0,0,0,ZANAHORIA DE 1RA S E KG    ,
012690,00000000126908,00,0026050,00,000,0,000,000,00000000,0,0,0,LOCOTE S E 1 KG ROJO       ,
012696,00000000126960,00,0024450,00,000,0,000,000,00000000,0,0,0,COLIFLOR EN COLORES IMPORTA,
012697,00000000126977,00,0033950,00,000,0,000,000,00000000,1,0,0,ANQUITO1 KG IMPORTADO      ,
012898,00000000128988,00,0043450,00,000,0,000,000,00000000,0,0,0,PERA S E X 1 KG ASIATICA   ,
012902,00000000129022,00,0002800,00,000,0,000,000,00000000,0,0,0,BANANA S E 1 KG BRASIL     ,
012929,00000000129299,00,0016300,00,000,0,000,000,00000000,0,0,0,MBURUCUYA NACIONAL X KG    ,
012947,00000000129473,00,0010650,00,000,0,000,000,00000000,0,0,0,PAPITA MALLA BLANC         ,
012958,00000000129589,00,0005650,00,000,0,000,000,00000000,0,0,0,CEBOLLA DE CABEZA S E 1 KG ,
012967,00000000129671,00,0027150,00,000,0,000,000,00000000,0,0,0,LOCOTE S E 1 KG ANARANJADO ,
013410,00000000134101,00,0067850,00,000,0,000,000,00000000,0,0,0,FRUTILLA S E 1 KG IMPORTADA,
013761,00000000137614,00,0007150,00,000,0,000,000,00000000,0,0,0,NARANJA IMPORTADA X KG     ,
013879,00000000138796,00,0021050,00,000,0,000,000,00000000,1,0,0,CHOCLO DULCE EN BANDEJA XUN,
014088,00000000140881,00,0004950,00,000,0,000,000,00000000,0,0,0,PATITA DE CERDO S E 1 KG   ,
015934,00000000159340,00,0004500,00,000,0,000,000,00000000,0,0,0,CALABAZA S E 1 KG          ,
016293,00000000162937,00,0031200,00,000,0,000,000,00000000,0,0,0,UVA S E ROSADO IMPORT X KL ,
016302,00000000163026,00,0007500,00,000,0,000,000,00000000,0,0,0,SANDIA IMPORTADA S E X KG  ,
018288,00000000182881,00,0006450,00,000,0,000,000,00000000,0,0,0,PUCHERO DE CERDO S E 1 KG  ,
019169,00000000191692,00,0007200,00,000,0,000,000,00000000,0,0,0,MANZANA COLEGIALA ECONOMICA,
019182,00000000191821,00,0002750,00,000,0,000,000,00000000,0,0,0,NARANJA ECONOMICA X KG     ,
019239,00000000192392,00,0007500,00,000,0,000,000,00000000,0,0,0,CALABAZA BRASILERO SC S E 1,
019276,00000000192767,00,0122150,00,000,0,000,000,00000000,0,0,0,COL DE BRUSELAS SC S E 1 KG,
019309,00000000193092,00,0081450,00,000,0,000,000,00000000,0,0,0,CARAMBOLA BRASILERO SC 1KG ,
019315,00000000193153,00,0004250,00,000,0,000,000,00000000,1,0,0,ACELGA  X MAZO             ,
019316,00000000193160,00,0003100,00,000,0,000,000,00000000,1,0,0,ACELGA CHINA  X MAZO       ,
019318,00000000193184,00,0002250,00,000,0,000,000,00000000,1,0,0,ALBAHACA VERDE  HOJA X MAZO,
019319,00000000193191,00,0001150,00,000,0,000,000,00000000,1,0,0,ACHICORIA BLANCA X MAZO    ,
019321,00000000193214,00,0003950,00,000,0,000,000,00000000,1,0,0,BERRO  X MAZO              ,
019323,00000000193238,00,0001250,00,000,0,000,000,00000000,1,0,0,CEBOLLITA DE HOJA X UN     ,
019324,00000000193245,00,0005650,00,000,0,000,000,00000000,1,0,0,CEBOLLA DE CABEZA CON HOJA ,
019326,00000000193269,00,0004250,00,000,0,000,000,00000000,1,0,0,COLINABO  X UN             ,
019327,00000000193276,00,0002100,00,000,0,000,000,00000000,1,0,0,ESCAROLA  X UN             ,
019328,00000000193283,00,0003400,00,000,0,000,000,00000000,1,0,0,ESPINACA BLANCA X UN       ,
019329,00000000193290,00,0002550,00,000,0,000,000,00000000,1,0,0,ESPINACA NEGRA X UN        ,
019330,00000000193306,00,0005650,00,000,0,000,000,00000000,1,0,0,HINOJO  X UN               ,
019331,00000000193313,00,0001850,00,000,0,000,000,00000000,1,0,0,KOBE  X MZ                 ,
019332,00000000193320,00,0003250,00,000,0,000,000,00000000,1,0,0,KURATU  X MAZO             ,
019333,00000000193337,00,0001050,00,000,0,000,000,00000000,1,0,0,LAUREL  X  UNIDAD          ,
019334,00000000193344,00,0007450,00,000,0,000,000,00000000,1,0,0,LECHUGA BLANCA  X UN       ,
019335,00000000193351,00,0006350,00,000,0,000,000,00000000,1,0,0,LECHUGA  PIRATI X MZ       ,
019336,00000000193368,00,0007450,00,000,0,000,000,00000000,1,0,0,LECHUGA CRIOLLA  X UN      ,
019337,00000000193375,00,0007450,00,000,0,000,000,00000000,1,0,0,LECHUGA MANTECOSA X UN     ,
019338,00000000193382,00,0007450,00,000,0,000,000,00000000,1,0,0,LECHUGA MIMOSA MORADA      ,
019339,00000000193399,00,0007450,00,000,0,000,000,00000000,1,0,0,LECHUGA MIMOSA VERDE X UN  ,
019341,00000000193412,00,0002800,00,000,0,000,000,00000000,1,0,0,NABO X UNIDAD              ,
019342,00000000193429,00,0001050,00,000,0,000,000,00000000,1,0,0,OREGANO  X  UN             ,
019343,00000000193436,00,0001150,00,000,0,000,000,00000000,1,0,0,PEREJIL  X UN              ,
019344,00000000193443,00,0002550,00,000,0,000,000,00000000,1,0,0,PEREJIL JAPONES  X UN      ,
019345,00000000193450,00,0004250,00,000,0,000,000,00000000,1,0,0,RABANITO  X UN             ,
019347,00000000193474,00,0006350,00,000,0,000,000,00000000,1,0,0,REMOLACHA CON HOJAS X UN   ,
019351,00000000193511,00,0006350,00,000,0,000,000,00000000,1,0,0,ZANAHORIA CON HOJAS X  UN  ,
019354,00000000193542,00,0021050,00,000,0,000,000,00000000,0,0,0,APIO BRASILERO  X KG       ,
019356,00000000193566,00,0025350,00,000,0,000,000,00000000,0,0,0,ARVEJA CON CASCARA TRES BOC,
019365,00000000193658,00,0001050,00,000,0,000,000,00000000,1,0,0,REMEDIO REFRESCANTE X UNIDA,
019366,00000000193665,00,0003250,00,000,0,000,000,00000000,1,0,0,RUCULA X UNIDAD            ,
019367,00000000193672,00,0002800,00,000,0,000,000,00000000,1,0,0,TOMILLO  X UNIDAD          ,
019374,00000000193740,00,0005350,00,000,0,000,000,00000000,0,0,0,PERA ECONOMICA X KG        ,
019382,00000000193825,00,0024450,00,000,0,000,000,00000000,0,0,0,CHOCLO DULCE  X KL         ,
019388,00000000193887,00,0016300,00,000,0,000,000,00000000,0,0,0,SATUINO TRES BOCAS X KL    ,
019446,00000000194464,00,0054300,00,000,0,000,000,00000000,0,0,0,PUERRO BRASIL  X KL        ,
019458,00000000194587,00,0033950,00,000,0,000,000,00000000,0,0,0,CHAUCHA BRASILERO X KL     ,
019463,00000000194631,00,0003500,00,000,0,000,000,00000000,1,0,0,APIO NAC X UN              ,
019464,00000000194648,00,0003250,00,000,0,000,000,00000000,1,0,0,PUERRO X UND               ,
019465,00000000194655,00,0002100,00,000,0,000,000,00000000,1,0,0,ROMERO X MAZO              ,
019467,00000000194679,00,0033950,00,000,0,000,000,00000000,0,0,0,TOMATE CHERRY  X KG        ,
019487,00000000194877,00,0026050,00,000,0,000,000,00000000,0,0,0,CIRUELA ROJA IMP 1 KG      ,
019510,00000000195102,00,0006500,00,000,0,000,000,00000000,0,0,0,MAMON NACIONAL S E 1 KG    ,
019513,00000000195133,00,0009100,00,000,0,000,000,00000000,0,0,0,MANDARINA IMPORTADA 1 KG   ,
019514,00000000195140,00,0007200,00,000,0,000,000,00000000,0,0,0,MANGO NACIONAL  1 KG       ,
019519,00000000195195,00,0092300,00,000,0,000,000,00000000,0,0,0,MBURUCUYA DULCE X KG       ,
019535,00000000195355,00,0029850,00,000,0,000,000,00000000,0,0,0,PI A PEROLA SC 1 KG        ,
019540,00000000195409,00,0081450,00,000,0,000,000,00000000,0,0,0,TORONJA SC 1 KG            ,
019550,00000000195508,00,0007400,00,000,0,000,000,00000000,0,0,0,POROTO PEKY C  CASC SC 1 KG,
019552,00000000195522,00,0010400,00,000,0,000,000,00000000,0,0,0,POROTO MANT C  CASC SC 1 KG,
019557,00000000195577,00,0008850,00,000,0,000,000,00000000,0,0,0,AGUACATE NACIONAL X KG     ,
019561,00000000195614,00,0011250,00,000,0,000,000,00000000,1,0,0,BROCOLI  X UN              ,
019573,00000000195737,00,0007750,00,000,0,000,000,00000000,0,0,0,HARINA DE MAIZ FRESCA 1RA X,
019605,00000000196055,00,0005200,00,000,0,000,000,00000000,0,0,0,MANDARINA NACIONAL X KG    ,
019699,00000000196994,00,0009500,00,000,0,000,000,00000000,0,0,0,POMELO IMPORTADO S E 1 X KG,
019780,00000000197809,00,0002800,00,000,0,000,000,00000000,1,0,0,CIOBOULLETTE  X MAZO       ,
019792,00000000197922,00,0142500,00,000,0,000,000,00000000,0,0,0,ESPARRAGO X KILO           ,
019965,00000000199650,00,0007200,00,000,0,000,000,00000000,0,0,0,MANDARINA X KG             ,
020475,00000000204750,00,0006200,00,000,0,000,000,00000000,0,0,0,TOMATE PERITA O STA CRUZ EC,
020521,00000000205214,00,0003950,00,000,0,000,000,00000000,0,0,0,PAPA ECONOMICA X KG        ,
020706,00000000207065,00,0081450,00,000,0,000,000,00000000,0,0,0,ALCACHOFAS X KG IMPORTADA  ,
021287,00000000212878,00,0020800,00,000,0,000,000,00000000,0,0,0,UVA RED GLOBE X KG         ,
022050,00000000220507,00,0003000,00,000,0,000,000,00000000,0,0,0,BANANA KARAPE ECONOMICA X K,
022227,00000000222273,00,0016300,00,000,0,000,000,00000000,0,0,0,COCO VERDE                 ,
022258,00000000222587,00,0020300,00,000,0,000,000,00000000,0,0,0,SANDIA JAPONES X KL        ,
022542,00000000225427,00,0122150,00,000,0,000,000,00000000,0,0,0,CAJU EN BANDEJA            ,
022666,00000000226660,00,0005450,00,000,0,000,000,00000000,0,0,0,LIMON JAPONES              ,
022668,00000000226684,00,0298550,00,000,0,000,000,00000000,0,0,0,GROSELLA X KILOS           ,
023025,00000000230254,00,0003500,00,000,0,000,000,00000000,1,0,0,CHAUCHA  X MAZO            ,
023028,00000000230285,00,0002100,00,000,0,000,000,00000000,1,0,0,RUDA X MAZO                ,
023112,00000000231121,00,0020350,00,000,0,000,000,00000000,0,0,0,CALABAZA CALABAZA GIGANTE  ,
023127,00000000231275,00,0006550,00,000,0,000,000,00000000,0,0,0,PAPA X KILO                ,
023164,00000000231640,00,0020350,00,000,0,000,000,00000000,0,0,0,KAKI NACIONAL X KG         ,
023711,00000000237116,00,0008850,00,000,0,000,000,00000000,0,0,0,BATATA ROJA BRASIL 1KG     ,
023716,00000000237161,00,0028500,00,000,0,000,000,00000000,0,0,0,UVA MOSCATE X KILO         ,
023823,00000000238236,00,0023050,00,000,0,000,000,00000000,0,0,0,NARANJA BRASIL BAHIA S E X ,
023839,00000000238397,00,0017650,00,000,0,000,000,00000000,0,0,0,MANZANA GALA 1 MIMOSA 1KG  ,
023848,00000000238489,00,0008950,00,000,0,000,000,00000000,0,0,0,LOCOTE VERDE ECONOMICO X KG,
023892,00000000238922,00,0020350,00,000,0,000,000,00000000,0,0,0,LIMA DE PERSIA X KG        ,
023920,00000000239202,00,0088200,00,000,0,000,000,00000000,0,0,0,ZANAHORIA BABY X KG        ,
024545,00000000245456,00,0122150,00,000,0,000,000,00000000,0,0,0,LITCHI X KG S E            ,
031747,00000000317474,00,0021700,00,000,0,000,000,00000000,0,0,0,CEBOLLA BLANCA X KG        ,
033953,00000000339537,00,0002750,00,000,0,000,000,00000000,0,0,0,ZANAHORIA ECONOMICO X KG   ,
035967,00000000359672,00,0025950,00,000,0,000,000,00000000,0,0,0,CORTE PARA GUISO X KG      ,
037755,00000000377553,00,0017650,00,000,0,000,000,00000000,0,0,0,UVA KIOHO X KG             ,
037823,00000000378239,00,0031200,00,000,0,000,000,00000000,0,0,0,MANZANA FUJI X KG          ,
037927,00000000379274,00,0007050,00,000,0,000,000,00000000,1,0,0,FLOR DE COCO               ,
038026,00000000380263,00,0010950,00,000,0,000,000,00000000,0,0,0,PUCHERO ESPINAZO VACUNO X K,
039183,00000000391832,00,0067850,00,000,0,000,000,00000000,0,0,0,ACEROLA KG                 ,
039187,00000000391870,00,0108550,00,000,0,000,000,00000000,0,0,0,ALCAUCIL X KL SIN MARCA    ,
039197,00000000391979,00,0020350,00,000,0,000,000,00000000,0,0,0,BERENJENITA KG             ,
039223,00000000392235,00,0033950,00,000,0,000,000,00000000,0,0,0,GILO   x 1                 ,
039225,00000000392259,00,0009950,00,000,0,000,000,00000000,0,0,0,GROSELLA FRUTA S E X KG    ,
039324,00000000393249,00,0014950,00,000,0,000,000,00000000,0,0,0,ZAPALLO NARANJADO          ,
039329,00000000393294,00,0019000,00,000,0,000,000,00000000,0,0,0,SANDIA AMARILLA X KG       ,
039342,00000000393423,00,0190000,00,000,0,000,000,00000000,0,0,0,MORA ZARZAMORA             ,
039345,00000000393454,00,0003950,00,000,0,000,000,00000000,0,0,0,CEBOLLA ECONOMICA X KG     ,
040234,00000000402347,00,0217150,00,000,0,000,000,00000000,0,0,0,MANGOSTINO  X  KG          ,
040259,00000000402590,00,0008150,00,000,0,000,000,00000000,0,0,0,PAPA MORADA X KG           ,
040271,00000000402712,00,0047500,00,000,0,000,000,00000000,0,0,0,UVA BLANCA SIN SEMILLA     ,
040275,00000000402750,00,0108550,00,000,0,000,000,00000000,0,0,0,TAMARINDO EN PAQUETE       ,
040773,00000000407731,00,0006550,00,000,0,000,000,00000000,0,0,0,NARANJA VALENCIA X KG      ,
040874,00000000408745,00,0021700,00,000,0,000,000,00000000,0,0,0,BATATA KARAA               ,
041259,00000000412599,00,0007050,00,000,0,000,000,00000000,1,0,0,PALMA C DECORADO           ,
041316,00000000413169,00,0040700,00,000,0,000,000,00000000,0,0,0,AJI PICANTITO EN BANDEJA   ,
041736,00000000417365,00,0007050,00,000,0,000,000,00000000,1,0,0,PALMA S DECORADO           ,
041869,00000000418690,00,0036650,00,000,0,000,000,00000000,0,0,0,JACA X KILOGRAMO           ,
042256,00000000422567,00,0051550,00,000,0,000,000,00000000,0,0,0,GRAVIOLA X KG              ,
042264,00000000422642,00,0020350,00,000,0,000,000,00000000,0,0,0,MELON SAPO XKG             ,
042265,00000000422659,00,0190000,00,000,0,000,000,00000000,0,0,0,MORA X KILOS               ,
042266,00000000422666,00,0135700,00,000,0,000,000,00000000,0,0,0,PITAYA X KG                ,
042267,00000000422673,00,0019000,00,000,0,000,000,00000000,0,0,0,SANDIA BABY XKG            ,
043184,00000000431842,00,0047600,00,000,0,000,000,00000000,0,0,0,QUESO CREMON X KG SERENISIM,
044600,00000000446006,00,0183200,00,000,0,000,000,00000000,0,0,0,ARANDANO X KG              ,
044602,00000000446020,00,0007450,00,000,0,000,000,00000000,1,0,0,LECHUGA PIRATI SUPER XUND  ,
044603,00000000446037,00,0007450,00,000,0,000,000,00000000,1,0,0,LECHUGA MORADA SUPER UND   ,
044604,00000000446044,00,0007450,00,000,0,000,000,00000000,1,0,0,LECHUGA MIMOSA SUPER UND   ,
044605,00000000446051,00,0007450,00,000,0,000,000,00000000,1,0,0,LECHUGA MANTECA SUPER UND  ,
044606,00000000446068,00,0007450,00,000,0,000,000,00000000,1,0,0,LECHUGA BLANCA SUPER UND   ,
044661,00000000446617,00,0027150,00,000,0,000,000,00000000,0,0,0,UVA NIAGARA XKG S E        ,
044692,00000000446921,00,0017000,00,000,0,000,000,00000000,0,0,0,MELON JAPONES IMPORTADO XKG,
044696,00000000446969,00,0074650,00,000,0,000,000,00000000,0,0,0,FRAMBUESA XKG S E          ,
044707,00000000447072,00,0169650,00,000,0,000,000,00000000,0,0,0,HIGO DE LA INDIA XKG S E   ,
044713,00000000447133,00,0016300,00,000,0,000,000,00000000,0,0,0,PLATANO X KG               ,
044720,00000000447201,00,0027150,00,000,0,000,000,00000000,0,0,0,NASU XKG S ENVASE          ,
044721,00000000447218,00,0039350,00,000,0,000,000,00000000,0,0,0,TOMATE TIPO HOLANDES X KG  ,
045535,00000000455350,00,0007200,00,000,0,000,000,00000000,0,0,0,BANANA ROJA 1KG S E        ,
045804,00000000458047,00,0183200,00,000,0,000,000,00000000,0,0,0,RAMBUTAN S E X KG          ,
045842,00000000458429,00,0029850,00,000,0,000,000,00000000,0,0,0,MANDIOQUI A X KILO S E     ,
045843,00000000458436,00,0031200,00,000,0,000,000,00000000,0,0,0,KAKI CHOCOLATE X KILO S E  ,
045844,00000000458443,00,0027150,00,000,0,000,000,00000000,0,0,0,CACAO X KILO S E           ,
045845,00000000458450,00,0033950,00,000,0,000,000,00000000,0,0,0,COPOAZU X KILO S E         ,
045846,00000000458467,00,0088200,00,000,0,000,000,00000000,0,0,0,TOMATE UVA X KILO S E      ,
045875,00000000458757,00,0135700,00,000,0,000,000,00000000,0,0,0,PITAYA AMARILLA X KG       ,
045876,00000000458764,00,0108550,00,000,0,000,000,00000000,0,0,0,DATILES TAMARA             ,
045878,00000000458788,00,0047500,00,000,0,000,000,00000000,0,0,0,KIWI S E 1 KG BLANCO       ,
045879,00000000458795,00,0196800,00,000,0,000,000,00000000,0,0,0,PHYSALIS X KG S E          ,
045951,00000000459518,00,0108550,00,000,0,000,000,00000000,0,0,0,CUCURMA S E X KG           ,
046048,00000000460484,00,0135700,00,000,0,000,000,00000000,0,0,0,ARANDANO NACIONAL X KL     ,
046049,00000000460491,00,0054300,00,000,0,000,000,00000000,0,0,0,MORA NACIONAL X KL         ,
046050,00000000460507,00,0038000,00,000,0,000,000,00000000,0,0,0,MELON SAN CAETANO X KL     ,
046051,00000000460514,00,0027150,00,000,0,000,000,00000000,0,0,0,CLARITA X KL               ,
046052,00000000460521,00,0067850,00,000,0,000,000,00000000,0,0,0,TOMATE KAKI X KL           ,
046053,00000000460538,00,0033950,00,000,0,000,000,00000000,0,0,0,CIRUELA AMARILLA X KL      ,
046091,00000000460910,00,0115350,00,000,0,000,000,00000000,0,0,0,JALAPE OS X KG             ,
046147,00000000461474,00,0047500,00,000,0,000,000,00000000,0,0,0,NONI X KG S E              ,
046172,00000000461726,00,0061050,00,000,0,000,000,00000000,0,0,0,ABOCADO X KG S E           ,
057121,00000000571210,00,0040700,00,000,0,000,000,00000000,0,0,0,MORRONES SURTIDOS X KG S E ,
057122,00000000571227,00,0047450,00,000,0,000,000,00000000,0,0,0,CHILES VERDES X KG S E     ,
057155,00000000571555,00,0115350,00,000,0,000,000,00000000,0,0,0,LOCOTE HABANERO XKG S E    ,
057395,00000000573955,00,0054300,00,000,0,000,000,00000000,0,0,0,LOCOTE PALERMO X KG S E    ,
058231,00000000582315,00,0001850,00,000,0,000,000,00000000,1,0,0,EUCALIPTO MENTOLADO X MAZO ,
058891,00000000588911,00,0047500,00,000,0,000,000,00000000,0,0,0,AJI AMARILLO X KG          ,
058892,00000000588928,00,0019500,00,000,0,000,000,00000000,0,0,0,MANDARINA ESPECIAL XKG     ,
090000,00000000900003,00,0014950,00,000,0,000,000,00000000,0,0,0,MANZANA S E 1 KG VERDE VERD,
090001,00000000900010,00,0012950,00,000,0,000,000,00000000,0,0,0,MANZANA S E 1 KG ROJO IMPRT,
090002,00000000900027,00,0011450,00,000,0,000,000,00000000,0,0,0,MANZANA S E 1 COLEGIALA    ,
090003,00000000900034,00,0011900,00,000,0,000,000,00000000,0,0,0,MANZANA SUPER X KG         ,
090004,00000000900041,00,0010150,00,000,0,000,000,00000000,0,0,0,PERA S E 1 KG DE AGUA ARGEN,
090005,00000000900058,00,0022450,00,000,0,000,000,00000000,0,0,0,PERA S E 1 KG DE AGUA SUPER,
090006,00000000900065,00,0017000,00,000,0,000,000,00000000,0,0,0,BANANA S E 1 KG ORO        ,
090007,00000000900072,00,0007750,00,000,0,000,000,00000000,0,0,0,BANANA KARAPE X KG         ,
090008,00000000900089,00,0020350,00,000,0,000,000,00000000,0,0,0,MAMON CHICO BRASIL X KG    ,
090009,00000000900096,00,0018900,00,000,0,000,000,00000000,0,0,0,MAMON S E 1 KG GRANDE      ,
090010,00000000900102,00,0011300,00,000,0,000,000,00000000,0,0,0,UVA S E 1 KG BLANCA NACIONA,
090011,00000000900119,00,0024450,00,000,0,000,000,00000000,0,0,0,UVA S E 1 KG NEGRA NACIONAL,
090012,00000000900126,00,0031200,00,000,0,000,000,00000000,0,0,0,UVA S E 1 KG NEGRA BRASIL  ,
090013,00000000900133,00,0011300,00,000,0,000,000,00000000,0,0,0,UVA S E 1 KG ROSADA NACIONA,
090014,00000000900140,00,0062450,00,000,0,000,000,00000000,0,0,0,KIWI S E 1 KG              ,
090017,00000000900171,00,0006900,00,000,0,000,000,00000000,0,0,0,LIMON S E 1 KG TAITI       ,
090019,00000000900195,00,0004600,00,000,0,000,000,00000000,0,0,0,POMELO S E 1 KG NACIONAL   ,
090021,00000000900218,00,0024450,00,000,0,000,000,00000000,0,0,0,POMELO S E 1 KG ROJO       ,
090024,00000000900249,00,0007200,00,000,0,000,000,00000000,0,0,0,MANDARINA S E 1 KG MURCOT  ,
090025,00000000900256,00,0028500,00,000,0,000,000,00000000,0,0,0,GUAYABA S E 1 KG           ,
090026,00000000900263,00,0012400,00,000,0,000,000,00000000,0,0,0,MANGO S E 1 KG BRAZIL      ,
090027,00000000900270,00,0013550,00,000,0,000,000,00000000,0,0,0,MELON S E 1 KG BRASILERO   ,
090028,00000000900287,00,0013550,00,000,0,000,000,00000000,0,0,0,PI A S E 1 KG BRASILERO    ,
090029,00000000900294,00,0013700,00,000,0,000,000,00000000,0,0,0,PI A S E 1 KG NACIONAL     ,
090030,00000000900300,00,0005750,00,000,0,000,000,00000000,0,0,0,SANDIA X KG                ,
090031,00000000900317,00,0033950,00,000,0,000,000,00000000,0,0,0,AGUACATE X KG              ,
090032,00000000900324,00,0005450,00,000,0,000,000,00000000,0,0,0,CARAMBOLA S E 1 KG         ,
090033,00000000900331,00,0023050,00,000,0,000,000,00000000,0,0,0,MBURUCUYA S E 1 KG         ,
090034,00000000900348,00,0017650,00,000,0,000,000,00000000,0,0,0,COCO S E 1 KG MARRON       ,
090042,00000000900423,00,0007500,00,000,0,000,000,00000000,0,0,0,REPOLLO S E 1 KG BLANCO    ,
090043,00000000900430,00,0012800,00,000,0,000,000,00000000,0,0,0,REPOLLO S E 1 KG MORADO    ,
090044,00000000900447,00,0010500,00,000,0,000,000,00000000,0,0,0,PAPA BLANCA BRASIL S E X KG,
090047,00000000900478,00,0004950,00,000,0,000,000,00000000,0,0,0,MANDIOCA S E 1 KG          ,
090048,00000000900485,00,0013050,00,000,0,000,000,00000000,0,0,0,TOMATE LISA S E 1 KG       ,
090049,00000000900492,00,0011300,00,000,0,000,000,00000000,0,0,0,TOMATE S E 1 KG SANTA CRUZ ,
090050,00000000900508,00,0051550,00,000,0,000,000,00000000,0,0,0,LOCOTE S E 1 KG LILA       ,
090051,00000000900515,00,0013550,00,000,0,000,000,00000000,0,0,0,LOCOTE ROJO S E  KG NACIONA,
090052,00000000900522,00,0014950,00,000,0,000,000,00000000,0,0,0,LOCOTE S E 1 KG VERDE      ,
090053,00000000900539,00,0027350,00,000,0,000,000,00000000,0,0,0,LOCOTE S E 1 KG AMARILLO   ,
090056,00000000900560,00,0009500,00,000,0,000,000,00000000,0,0,0,REMOLACHA S E 1 KG         ,
090057,00000000900577,00,0014300,00,000,0,000,000,00000000,0,0,0,BERENJENA S E X KG         ,
090058,00000000900584,00,0010200,00,000,0,000,000,00000000,0,0,0,CHUCHU S E 1 KG            ,
090059,00000000900591,00,0029800,00,000,0,000,000,00000000,0,0,0,ARVEJA S E 1 KG            ,
090060,00000000900607,00,0004950,00,000,0,000,000,00000000,0,0,0,BATATA S E 1 KG BLANCA     ,
090061,00000000900614,00,0003900,00,000,0,000,000,00000000,0,0,0,BATATA S E 1 KG ROJA       ,
090062,00000000900621,00,0010850,00,000,0,000,000,00000000,0,0,0,CALABACITA S E 1 KG BRAZIL ,
090063,00000000900638,00,0009100,00,000,0,000,000,00000000,0,0,0,PEPINO S E 1 KG NACIONAL   ,
090064,00000000900645,00,0011950,00,000,0,000,000,00000000,0,0,0,CHOCLO S E 1 KG DESGRANADO ,
090065,00000000900652,00,0016300,00,000,0,000,000,00000000,0,0,0,ACELGA S E 1 KG JAPONES    ,
090066,00000000900669,00,0021050,00,000,0,000,000,00000000,0,0,0,GENGIBRE S E 1 KG          ,
090067,00000000900676,00,0027150,00,000,0,000,000,00000000,0,0,0,CHAUCHA S E 1 KG CORTA     ,
090068,00000000900683,00,0004550,00,000,0,000,000,00000000,0,0,0,ZAPALLO S E 1 KG NACIONAL  ,
090069,00000000900690,00,0005400,00,000,0,000,000,00000000,0,0,0,ZAPALLO S E 1 KG BRASILERO ,
090070,00000000900706,00,0008150,00,000,0,000,000,00000000,0,0,0,ZAPALLITO DE TRONCO X KG   ,
090078,00000000900782,00,0007650,00,000,0,000,000,00000000,0,0,0,PAPA EN MALLA X KILO       ,
090079,00000000900799,00,0006900,00,000,0,000,000,00000000,0,0,0,CEBOLLA EN MALLA MLL 1 KG A,
090082,00000000900829,00,0038250,00,000,0,000,000,00000000,0,0,0,CARNAZA BLANCA S E 1 KG    ,
090083,00000000900836,00,0026950,00,000,0,000,000,00000000,0,0,0,CARNAZA DE 2DA   S E 1 KG  ,
090085,00000000900850,00,0024650,00,000,0,000,000,00000000,0,0,0,CARNAZA MOLIDA DE 2DA  X KG,
090087,00000000900874,00,0037950,00,000,0,000,000,00000000,0,0,0,CARNAZA PALETA S E 1 KG    ,
090129,00000000901291,00,0012950,00,000,0,000,000,00000000,0,0,0,HIGADO S E 1 KG            ,
090130,00000000901307,00,0014950,00,000,0,000,000,00000000,0,0,0,MONDONGO S E 1 KG          ,
090134,00000000901345,00,0017950,00,000,0,000,000,00000000,0,0,0,PALETA DE CERDO S E 1 KG   ,
090135,00000000901352,00,0018450,00,000,0,000,000,00000000,0,0,0,PIERNA DE CERDO S E 1 KG   ,
090136,00000000901369,00,0021450,00,000,0,000,000,00000000,0,0,0,COSTELETA DE CERDO S E 1 KG,
090304,00000000903042,00,0033300,00,000,0,000,000,00000000,0,0,0,PERA S E 1 KG ROJA         ,
090305,00000000903059,00,0005400,00,000,0,000,000,00000000,0,0,0,NARANJA S E X KG           ,
090306,00000000903066,00,0023050,00,000,0,000,000,00000000,0,0,0,LIMON S E 1 KG EURECA      ,
090310,00000000903103,00,0095000,00,000,0,000,000,00000000,0,0,0,DAMASCO IMPORTADA          ,
090311,00000000903110,00,0038000,00,000,0,000,000,00000000,0,0,0,KIABO S E 1 KG             ,
