011003	00000000110037	CHOCLO S E 1 UN ESPIGA     		0	0003200	0	0	1	1	0	0	0	000	0	1	1	1	1	0	0	0	0	0	0	0	0	0	0	0	0	0	1	0	0	0	0	0	0	0	0	0	0	0	0	0	0	0	0	0	0	0	0	0	0	0	0	0	0	0	
011006	00000000110068	COLIFLOR S E 1 KG SUPER    		0	0028500	0	0	0	1	0	0	0	000	0	1	1	1	1	0	0	0	0	0	0	0	0	0	0	0	0	0	1	0	0	0	0	0	0	0	0	0	0	0	0	0	0	0	0	0	0	0	0	0	0	0	0	0	0	0	
011007	00000000110075	LECHUGA S E 1 KG REPOLLADA 		0	0020200	0	0	0	1	0	0	0	000	0	1	1	1	1	0	0	0	0	0	0	0	0	0	0	0	0	0	1	0	0	0	0	0	0	0	0	0	0	0	0	0	0	0	0	0	0	0	0	0	0	0	0	0	0	0	
011035	00000000110358	CORAZON S E 1 UN           		0	0013950	0	0	1	1	0	0	0	000	0	1	1	1	1	0	0	0	0	0	0	0	0	0	0	0	0	0	1	0	0	0	0	0	0	0	0	0	0	0	0	0	0	0	0	0	0	0	0	0	0	0	0	0	0	0	
011208	00000000112086	BANANA ECUATORIANA         		0	0028500	0	0	0	1	0	0	0	000	0	1	1	1	1	0	0	0	0	0	0	0	0	0	0	0	0	0	1	0	0	0	0	0	0	0	0	0	0	0	0	0	0	0	0	0	0	0	0	0	0	0	0	0	0	0	
011209	00000000112093	UVA S E 1 KG BLANCA BRASIL 		0	0031200	0	0	0	1	0	0	0	000	0	1	1	1	1	0	0	0	0	0	0	0	0	0	0	0	0	0	1	0	0	0	0	0	0	0	0	0	0	0	0	0	0	0	0	0	0	0	0	0	0	0	0	0	0	0	
011210	00000000112109	NARANJA OMBLIGO KG         		0	0005400	0	0	0	1	0	0	0	000	0	1	1	1	1	0	0	0	0	0	0	0	0	0	0	0	0	0	1	0	0	0	0	0	0	0	0	0	0	0	0	0	0	0	0	0	0	0	0	0	0	0	0	0	0	0	
011214	00000000112147	LIMON S E 1 KG SUTIL       		0	0021700	0	0	0	1	0	0	0	000	0	1	1	1	1	0	0	0	0	0	0	0	0	0	0	0	0	0	1	0	0	0	0	0	0	0	0	0	0	0	0	0	0	0	0	0	0	0	0	0	0	0	0	0	0	0	
011215	00000000112154	LIMON S E 1 KG REAL        		0	0020350	0	0	0	1	0	0	0	000	0	1	1	1	1	0	0	0	0	0	0	0	0	0	0	0	0	0	1	0	0	0	0	0	0	0	0	0	0	0	0	0	0	0	0	0	0	0	0	0	0	0	0	0	0	0	
011216	00000000112161	MELON S E 1 KG NACIONAL    		0	0009300	0	0	0	1	0	0	0	000	0	1	1	1	1	0	0	0	0	0	0	0	0	0	0	0	0	0	1	0	0	0	0	0	0	0	0	0	0	0	0	0	0	0	0	0	0	0	0	0	0	0	0	0	0	0	
011217	00000000112178	MELON S E 1 KG JAPONESA    		0	0009300	0	0	0	1	0	0	0	000	0	1	1	1	1	0	0	0	0	0	0	0	0	0	0	0	0	0	1	0	0	0	0	0	0	0	0	0	0	0	0	0	0	0	0	0	0	0	0	0	0	0	0	0	0	0	
011218	00000000112185	MELON S E 1 KG DELICIA     		0	0023050	0	0	0	1	0	0	0	000	0	1	1	1	1	0	0	0	0	0	0	0	0	0	0	0	0	0	1	0	0	0	0	0	0	0	0	0	0	0	0	0	0	0	0	0	0	0	0	0	0	0	0	0	0	0	
011223	00000000112239	CIRUELA S E 1 KG ARGENTINA 		0	0023400	0	0	0	1	0	0	0	000	0	1	1	1	1	0	0	0	0	0	0	0	0	0	0	0	0	0	1	0	0	0	0	0	0	0	0	0	0	0	0	0	0	0	0	0	0	0	0	0	0	0	0	0	0	0	
011224	00000000112246	DURAZNO NACIONAL S E 1 KG  		0	0016300	0	0	0	1	0	0	0	000	0	1	1	1	1	0	0	0	0	0	0	0	0	0	0	0	0	0	1	0	0	0	0	0	0	0	0	0	0	0	0	0	0	0	0	0	0	0	0	0	0	0	0	0	0	0	
011226	00000000112260	DURAZNO S E 1 KG ARGENTINA 		0	0023400	0	0	0	1	0	0	0	000	0	1	1	1	1	0	0	0	0	0	0	0	0	0	0	0	0	0	1	0	0	0	0	0	0	0	0	0	0	0	0	0	0	0	0	0	0	0	0	0	0	0	0	0	0	0	
011227	00000000112277	PELON S E 1 KG ARGENTINA   		0	0027150	0	0	0	1	0	0	0	000	0	1	1	1	1	0	0	0	0	0	0	0	0	0	0	0	0	0	1	0	0	0	0	0	0	0	0	0	0	0	0	0	0	0	0	0	0	0	0	0	0	0	0	0	0	0	
011228	00000000112284	PELON S E 1 KG             		0	0024450	0	0	0	1	0	0	0	000	0	1	1	1	1	0	0	0	0	0	0	0	0	0	0	0	0	0	1	0	0	0	0	0	0	0	0	0	0	0	0	0	0	0	0	0	0	0	0	0	0	0	0	0	0	0	
011229	00000000112291	CEREZA S E X KG            		0	0115350	0	0	0	1	0	0	0	000	0	1	1	1	1	0	0	0	0	0	0	0	0	0	0	0	0	0	1	0	0	0	0	0	0	0	0	0	0	0	0	0	0	0	0	0	0	0	0	0	0	0	0	0	0	0	
011230	00000000112307	NISPERO S E 1 KG           		0	0095000	0	0	0	1	0	0	0	000	0	1	1	1	1	0	0	0	0	0	0	0	0	0	0	0	0	0	1	0	0	0	0	0	0	0	0	0	0	0	0	0	0	0	0	0	0	0	0	0	0	0	0	0	0	0	
011231	00000000112314	FRUTILLA S E NACIONAL X KG 		0	0045150	0	0	0	1	0	0	0	000	0	1	1	1	1	0	0	0	0	0	0	0	0	0	0	0	0	0	1	0	0	0	0	0	0	0	0	0	0	0	0	0	0	0	0	0	0	0	0	0	0	0	0	0	0	0	
011232	00000000112321	KAKI BRASILERO S E 1 KG    		0	0054300	0	0	0	1	0	0	0	000	0	1	1	1	1	0	0	0	0	0	0	0	0	0	0	0	0	0	1	0	0	0	0	0	0	0	0	0	0	0	0	0	0	0	0	0	0	0	0	0	0	0	0	0	0	0	
011233	00000000112338	QUINOTO S E 1 KG           		0	0135700	0	0	0	1	0	0	0	000	0	1	1	1	1	0	0	0	0	0	0	0	0	0	0	0	0	0	1	0	0	0	0	0	0	0	0	0	0	0	0	0	0	0	0	0	0	0	0	0	0	0	0	0	0	0	
011234	00000000112345	CIRIMOYA S E 1 KG          		0	0061050	0	0	0	1	0	0	0	000	0	1	1	1	1	0	0	0	0	0	0	0	0	0	0	0	0	0	1	0	0	0	0	0	0	0	0	0	0	0	0	0	0	0	0	0	0	0	0	0	0	0	0	0	0	0	
011235	00000000112352	HIGO S E 1 KG              		0	0169650	0	0	0	1	0	0	0	000	0	1	1	1	1	0	0	0	0	0	0	0	0	0	0	0	0	0	1	0	0	0	0	0	0	0	0	0	0	0	0	0	0	0	0	0	0	0	0	0	0	0	0	0	0	0	
011284	00000000112840	LOCOTE S E 1 KG BLANCO     		0	0051550	0	0	0	1	0	0	0	000	0	1	1	1	1	0	0	0	0	0	0	0	0	0	0	0	0	0	1	0	0	0	0	0	0	0	0	0	0	0	0	0	0	0	0	0	0	0	0	0	0	0	0	0	0	0	
011294	00000000112949	AJI S E 1 KG ROJO          		0	0028500	0	0	0	1	0	0	0	000	0	1	1	1	1	0	0	0	0	0	0	0	0	0	0	0	0	0	1	0	0	0	0	0	0	0	0	0	0	0	0	0	0	0	0	0	0	0	0	0	0	0	0	0	0	0	
011337	00000000113373	ENDIVIA S E X KILO         		0	0078700	0	0	0	1	0	0	0	000	0	1	1	1	1	0	0	0	0	0	0	0	0	0	0	0	0	0	1	0	0	0	0	0	0	0	0	0	0	0	0	0	0	0	0	0	0	0	0	0	0	0	0	0	0	0	
011356	00000000113564	ALBAHACA S E 1 UN MORADA   		0	0001700	0	0	1	1	0	0	0	000	0	1	1	1	1	0	0	0	0	0	0	0	0	0	0	0	0	0	1	0	0	0	0	0	0	0	0	0	0	0	0	0	0	0	0	0	0	0	0	0	0	0	0	0	0	0	
011378	00000000113786	ZAPALLITO S E 1 KG ITALIANO		0	0010200	0	0	0	1	0	0	0	000	0	1	1	1	1	0	0	0	0	0	0	0	0	0	0	0	0	0	1	0	0	0	0	0	0	0	0	0	0	0	0	0	0	0	0	0	0	0	0	0	0	0	0	0	0	0	
011446	00000000114462	GRANADA S E 1 KG           		0	0128950	0	0	0	1	0	0	0	000	0	1	1	1	1	0	0	0	0	0	0	0	0	0	0	0	0	0	1	0	0	0	0	0	0	0	0	0	0	0	0	0	0	0	0	0	0	0	0	0	0	0	0	0	0	0	
011453	00000000114530	CEBOLLA DE CABEZA S E  KG R		0	0013550	0	0	0	1	0	0	0	000	0	1	1	1	1	0	0	0	0	0	0	0	0	0	0	0	0	0	1	0	0	0	0	0	0	0	0	0	0	0	0	0	0	0	0	0	0	0	0	0	0	0	0	0	0	0	
011454	00000000114547	CEBOLLA X KG               		0	0005950	0	0	0	1	0	0	0	000	0	1	1	1	1	0	0	0	0	0	0	0	0	0	0	0	0	0	1	0	0	0	0	0	0	0	0	0	0	0	0	0	0	0	0	0	0	0	0	0	0	0	0	0	0	0	
011550	00000000115506	BERENJENA IMPORTADA S E 1 K		0	0020350	0	0	0	1	0	0	0	000	0	1	1	1	1	0	0	0	0	0	0	0	0	0	0	0	0	0	1	0	0	0	0	0	0	0	0	0	0	0	0	0	0	0	0	0	0	0	0	0	0	0	0	0	0	0	
011688	00000000116886	MUSLO FRESCO PECHUGON S E 1		0	0018500	0	0	0	1	0	0	0	000	0	1	1	1	1	0	0	0	0	0	0	0	0	0	0	0	0	0	1	0	0	0	0	0	0	0	0	0	0	0	0	0	0	0	0	0	0	0	0	0	0	0	0	0	0	0	
012497	00000000124973	POROTOS S E 1 KG MANTECA   		0	0055750	0	0	0	1	0	0	0	000	0	1	1	1	1	0	0	0	0	0	0	0	0	0	0	0	0	0	1	0	0	0	0	0	0	0	0	0	0	0	0	0	0	0	0	0	0	0	0	0	0	0	0	0	0	0	
012498	00000000124980	POROTOS S E 1 KG PEKY      		0	0027850	0	0	0	1	0	0	0	000	0	1	1	1	1	0	0	0	0	0	0	0	0	0	0	0	0	0	1	0	0	0	0	0	0	0	0	0	0	0	0	0	0	0	0	0	0	0	0	0	0	0	0	0	0	0	
012516	00000000125161	CIRUELA S E 1 KG NACIONAL  		0	0019500	0	0	0	1	0	0	0	000	0	1	1	1	1	0	0	0	0	0	0	0	0	0	0	0	0	0	1	0	0	0	0	0	0	0	0	0	0	0	0	0	0	0	0	0	0	0	0	0	0	0	0	0	0	0	
012524	00000000125246	BROCOLI S E 1 UN DE CABEZA 		0	0020350	0	0	1	1	0	0	0	000	0	1	1	1	1	0	0	0	0	0	0	0	0	0	0	0	0	0	1	0	0	0	0	0	0	0	0	0	0	0	0	0	0	0	0	0	0	0	0	0	0	0	0	0	0	0	
012667	00000000126670	PUCHERO VACUNO X KG        		0	0005950	0	0	0	1	0	0	0	000	0	1	1	1	1	0	0	0	0	0	0	0	0	0	0	0	0	0	1	0	0	0	0	0	0	0	0	0	0	0	0	0	0	0	0	0	0	0	0	0	0	0	0	0	0	0	
012687	00000000126878	ZANAHORIA DE 1RA S E KG    		0	0010450	0	0	0	1	0	0	0	000	0	1	1	1	1	0	0	0	0	0	0	0	0	0	0	0	0	0	1	0	0	0	0	0	0	0	0	0	0	0	0	0	0	0	0	0	0	0	0	0	0	0	0	0	0	0	
012690	00000000126908	LOCOTE S E 1 KG ROJO       		0	0026050	0	0	0	1	0	0	0	000	0	1	1	1	1	0	0	0	0	0	0	0	0	0	0	0	0	0	1	0	0	0	0	0	0	0	0	0	0	0	0	0	0	0	0	0	0	0	0	0	0	0	0	0	0	0	
012696	00000000126960	COLIFLOR EN COLORES IMPORTA		0	0024450	0	0	0	1	0	0	0	000	0	1	1	1	1	0	0	0	0	0	0	0	0	0	0	0	0	0	1	0	0	0	0	0	0	0	0	0	0	0	0	0	0	0	0	0	0	0	0	0	0	0	0	0	0	0	
012697	00000000126977	ANQUITO1 KG IMPORTADO      		0	0033950	0	0	1	1	0	0	0	000	0	1	1	1	1	0	0	0	0	0	0	0	0	0	0	0	0	0	1	0	0	0	0	0	0	0	0	0	0	0	0	0	0	0	0	0	0	0	0	0	0	0	0	0	0	0	
012898	00000000128988	PERA S E X 1 KG ASIATICA   		0	0043450	0	0	0	1	0	0	0	000	0	1	1	1	1	0	0	0	0	0	0	0	0	0	0	0	0	0	1	0	0	0	0	0	0	0	0	0	0	0	0	0	0	0	0	0	0	0	0	0	0	0	0	0	0	0	
012902	00000000129022	BANANA S E 1 KG BRASIL     		0	0002800	0	0	0	1	0	0	0	000	0	1	1	1	1	0	0	0	0	0	0	0	0	0	0	0	0	0	1	0	0	0	0	0	0	0	0	0	0	0	0	0	0	0	0	0	0	0	0	0	0	0	0	0	0	0	
012929	00000000129299	MBURUCUYA NACIONAL X KG    		0	0016300	0	0	0	1	0	0	0	000	0	1	1	1	1	0	0	0	0	0	0	0	0	0	0	0	0	0	1	0	0	0	0	0	0	0	0	0	0	0	0	0	0	0	0	0	0	0	0	0	0	0	0	0	0	0	
012947	00000000129473	PAPITA MALLA BLANC         		0	0010650	0	0	0	1	0	0	0	000	0	1	1	1	1	0	0	0	0	0	0	0	0	0	0	0	0	0	1	0	0	0	0	0	0	0	0	0	0	0	0	0	0	0	0	0	0	0	0	0	0	0	0	0	0	0	
012958	00000000129589	CEBOLLA DE CABEZA S E 1 KG 		0	0005650	0	0	0	1	0	0	0	000	0	1	1	1	1	0	0	0	0	0	0	0	0	0	0	0	0	0	1	0	0	0	0	0	0	0	0	0	0	0	0	0	0	0	0	0	0	0	0	0	0	0	0	0	0	0	
012967	00000000129671	LOCOTE S E 1 KG ANARANJADO 		0	0027150	0	0	0	1	0	0	0	000	0	1	1	1	1	0	0	0	0	0	0	0	0	0	0	0	0	0	1	0	0	0	0	0	0	0	0	0	0	0	0	0	0	0	0	0	0	0	0	0	0	0	0	0	0	0	
013410	00000000134101	FRUTILLA S E 1 KG IMPORTADA		0	0067850	0	0	0	1	0	0	0	000	0	1	1	1	1	0	0	0	0	0	0	0	0	0	0	0	0	0	1	0	0	0	0	0	0	0	0	0	0	0	0	0	0	0	0	0	0	0	0	0	0	0	0	0	0	0	
013761	00000000137614	NARANJA IMPORTADA X KG     		0	0007150	0	0	0	1	0	0	0	000	0	1	1	1	1	0	0	0	0	0	0	0	0	0	0	0	0	0	1	0	0	0	0	0	0	0	0	0	0	0	0	0	0	0	0	0	0	0	0	0	0	0	0	0	0	0	
013879	00000000138796	CHOCLO DULCE EN BANDEJA XUN		0	0021050	0	0	1	1	0	0	0	000	0	1	1	1	1	0	0	0	0	0	0	0	0	0	0	0	0	0	1	0	0	0	0	0	0	0	0	0	0	0	0	0	0	0	0	0	0	0	0	0	0	0	0	0	0	0	
014088	00000000140881	PATITA DE CERDO S E 1 KG   		0	0004950	0	0	0	1	0	0	0	000	0	1	1	1	1	0	0	0	0	0	0	0	0	0	0	0	0	0	1	0	0	0	0	0	0	0	0	0	0	0	0	0	0	0	0	0	0	0	0	0	0	0	0	0	0	0	
015934	00000000159340	CALABAZA S E 1 KG          		0	0004500	0	0	0	1	0	0	0	000	0	1	1	1	1	0	0	0	0	0	0	0	0	0	0	0	0	0	1	0	0	0	0	0	0	0	0	0	0	0	0	0	0	0	0	0	0	0	0	0	0	0	0	0	0	0	
016293	00000000162937	UVA S E ROSADO IMPORT X KL 		0	0031200	0	0	0	1	0	0	0	000	0	1	1	1	1	0	0	0	0	0	0	0	0	0	0	0	0	0	1	0	0	0	0	0	0	0	0	0	0	0	0	0	0	0	0	0	0	0	0	0	0	0	0	0	0	0	
016302	00000000163026	SANDIA IMPORTADA S E X KG  		0	0007500	0	0	0	1	0	0	0	000	0	1	1	1	1	0	0	0	0	0	0	0	0	0	0	0	0	0	1	0	0	0	0	0	0	0	0	0	0	0	0	0	0	0	0	0	0	0	0	0	0	0	0	0	0	0	
018288	00000000182881	PUCHERO DE CERDO S E 1 KG  		0	0006450	0	0	0	1	0	0	0	000	0	1	1	1	1	0	0	0	0	0	0	0	0	0	0	0	0	0	1	0	0	0	0	0	0	0	0	0	0	0	0	0	0	0	0	0	0	0	0	0	0	0	0	0	0	0	
019169	00000000191692	MANZANA COLEGIALA ECONOMICA		0	0007200	0	0	0	1	0	0	0	000	0	1	1	1	1	0	0	0	0	0	0	0	0	0	0	0	0	0	1	0	0	0	0	0	0	0	0	0	0	0	0	0	0	0	0	0	0	0	0	0	0	0	0	0	0	0	
019182	00000000191821	NARANJA ECONOMICA X KG     		0	0002750	0	0	0	1	0	0	0	000	0	1	1	1	1	0	0	0	0	0	0	0	0	0	0	0	0	0	1	0	0	0	0	0	0	0	0	0	0	0	0	0	0	0	0	0	0	0	0	0	0	0	0	0	0	0	
019239	00000000192392	CALABAZA BRASILERO SC S E 1		0	0007500	0	0	0	1	0	0	0	000	0	1	1	1	1	0	0	0	0	0	0	0	0	0	0	0	0	0	1	0	0	0	0	0	0	0	0	0	0	0	0	0	0	0	0	0	0	0	0	0	0	0	0	0	0	0	
019276	00000000192767	COL DE BRUSELAS SC S E 1 KG		0	0122150	0	0	0	1	0	0	0	000	0	1	1	1	1	0	0	0	0	0	0	0	0	0	0	0	0	0	1	0	0	0	0	0	0	0	0	0	0	0	0	0	0	0	0	0	0	0	0	0	0	0	0	0	0	0	
019309	00000000193092	CARAMBOLA BRASILERO SC 1KG 		0	0081450	0	0	0	1	0	0	0	000	0	1	1	1	1	0	0	0	0	0	0	0	0	0	0	0	0	0	1	0	0	0	0	0	0	0	0	0	0	0	0	0	0	0	0	0	0	0	0	0	0	0	0	0	0	0	
019315	00000000193153	ACELGA  X MAZO             		0	0004250	0	0	1	1	0	0	0	000	0	1	1	1	1	0	0	0	0	0	0	0	0	0	0	0	0	0	1	0	0	0	0	0	0	0	0	0	0	0	0	0	0	0	0	0	0	0	0	0	0	0	0	0	0	0	
019316	00000000193160	ACELGA CHINA  X MAZO       		0	0003100	0	0	1	1	0	0	0	000	0	1	1	1	1	0	0	0	0	0	0	0	0	0	0	0	0	0	1	0	0	0	0	0	0	0	0	0	0	0	0	0	0	0	0	0	0	0	0	0	0	0	0	0	0	0	
019318	00000000193184	ALBAHACA VERDE  HOJA X MAZO		0	0002250	0	0	1	1	0	0	0	000	0	1	1	1	1	0	0	0	0	0	0	0	0	0	0	0	0	0	1	0	0	0	0	0	0	0	0	0	0	0	0	0	0	0	0	0	0	0	0	0	0	0	0	0	0	0	
019319	00000000193191	ACHICORIA BLANCA X MAZO    		0	0001150	0	0	1	1	0	0	0	000	0	1	1	1	1	0	0	0	0	0	0	0	0	0	0	0	0	0	1	0	0	0	0	0	0	0	0	0	0	0	0	0	0	0	0	0	0	0	0	0	0	0	0	0	0	0	
019321	00000000193214	BERRO  X MAZO              		0	0003950	0	0	1	1	0	0	0	000	0	1	1	1	1	0	0	0	0	0	0	0	0	0	0	0	0	0	1	0	0	0	0	0	0	0	0	0	0	0	0	0	0	0	0	0	0	0	0	0	0	0	0	0	0	0	
019323	00000000193238	CEBOLLITA DE HOJA X UN     		0	0001250	0	0	1	1	0	0	0	000	0	1	1	1	1	0	0	0	0	0	0	0	0	0	0	0	0	0	1	0	0	0	0	0	0	0	0	0	0	0	0	0	0	0	0	0	0	0	0	0	0	0	0	0	0	0	
019324	00000000193245	CEBOLLA DE CABEZA CON HOJA 		0	0005650	0	0	1	1	0	0	0	000	0	1	1	1	1	0	0	0	0	0	0	0	0	0	0	0	0	0	1	0	0	0	0	0	0	0	0	0	0	0	0	0	0	0	0	0	0	0	0	0	0	0	0	0	0	0	
019326	00000000193269	COLINABO  X UN             		0	0004250	0	0	1	1	0	0	0	000	0	1	1	1	1	0	0	0	0	0	0	0	0	0	0	0	0	0	1	0	0	0	0	0	0	0	0	0	0	0	0	0	0	0	0	0	0	0	0	0	0	0	0	0	0	0	
019327	00000000193276	ESCAROLA  X UN             		0	0002100	0	0	1	1	0	0	0	000	0	1	1	1	1	0	0	0	0	0	0	0	0	0	0	0	0	0	1	0	0	0	0	0	0	0	0	0	0	0	0	0	0	0	0	0	0	0	0	0	0	0	0	0	0	0	
019328	00000000193283	ESPINACA BLANCA X UN       		0	0003400	0	0	1	1	0	0	0	000	0	1	1	1	1	0	0	0	0	0	0	0	0	0	0	0	0	0	1	0	0	0	0	0	0	0	0	0	0	0	0	0	0	0	0	0	0	0	0	0	0	0	0	0	0	0	
019329	00000000193290	ESPINACA NEGRA X UN        		0	0002550	0	0	1	1	0	0	0	000	0	1	1	1	1	0	0	0	0	0	0	0	0	0	0	0	0	0	1	0	0	0	0	0	0	0	0	0	0	0	0	0	0	0	0	0	0	0	0	0	0	0	0	0	0	0	
019330	00000000193306	HINOJO  X UN               		0	0005650	0	0	1	1	0	0	0	000	0	1	1	1	1	0	0	0	0	0	0	0	0	0	0	0	0	0	1	0	0	0	0	0	0	0	0	0	0	0	0	0	0	0	0	0	0	0	0	0	0	0	0	0	0	0	
019331	00000000193313	KOBE  X MZ                 		0	0001850	0	0	1	1	0	0	0	000	0	1	1	1	1	0	0	0	0	0	0	0	0	0	0	0	0	0	1	0	0	0	0	0	0	0	0	0	0	0	0	0	0	0	0	0	0	0	0	0	0	0	0	0	0	0	
019332	00000000193320	KURATU  X MAZO             		0	0003250	0	0	1	1	0	0	0	000	0	1	1	1	1	0	0	0	0	0	0	0	0	0	0	0	0	0	1	0	0	0	0	0	0	0	0	0	0	0	0	0	0	0	0	0	0	0	0	0	0	0	0	0	0	0	
019333	00000000193337	LAUREL  X  UNIDAD          		0	0001050	0	0	1	1	0	0	0	000	0	1	1	1	1	0	0	0	0	0	0	0	0	0	0	0	0	0	1	0	0	0	0	0	0	0	0	0	0	0	0	0	0	0	0	0	0	0	0	0	0	0	0	0	0	0	
019334	00000000193344	LECHUGA BLANCA  X UN       		0	0007450	0	0	1	1	0	0	0	000	0	1	1	1	1	0	0	0	0	0	0	0	0	0	0	0	0	0	1	0	0	0	0	0	0	0	0	0	0	0	0	0	0	0	0	0	0	0	0	0	0	0	0	0	0	0	
019335	00000000193351	LECHUGA  PIRATI X MZ       		0	0006350	0	0	1	1	0	0	0	000	0	1	1	1	1	0	0	0	0	0	0	0	0	0	0	0	0	0	1	0	0	0	0	0	0	0	0	0	0	0	0	0	0	0	0	0	0	0	0	0	0	0	0	0	0	0	
019336	00000000193368	LECHUGA CRIOLLA  X UN      		0	0007450	0	0	1	1	0	0	0	000	0	1	1	1	1	0	0	0	0	0	0	0	0	0	0	0	0	0	1	0	0	0	0	0	0	0	0	0	0	0	0	0	0	0	0	0	0	0	0	0	0	0	0	0	0	0	
019337	00000000193375	LECHUGA MANTECOSA X UN     		0	0007450	0	0	1	1	0	0	0	000	0	1	1	1	1	0	0	0	0	0	0	0	0	0	0	0	0	0	1	0	0	0	0	0	0	0	0	0	0	0	0	0	0	0	0	0	0	0	0	0	0	0	0	0	0	0	
019338	00000000193382	LECHUGA MIMOSA MORADA      		0	0007450	0	0	1	1	0	0	0	000	0	1	1	1	1	0	0	0	0	0	0	0	0	0	0	0	0	0	1	0	0	0	0	0	0	0	0	0	0	0	0	0	0	0	0	0	0	0	0	0	0	0	0	0	0	0	
019339	00000000193399	LECHUGA MIMOSA VERDE X UN  		0	0007450	0	0	1	1	0	0	0	000	0	1	1	1	1	0	0	0	0	0	0	0	0	0	0	0	0	0	1	0	0	0	0	0	0	0	0	0	0	0	0	0	0	0	0	0	0	0	0	0	0	0	0	0	0	0	
019341	00000000193412	NABO X UNIDAD              		0	0002800	0	0	1	1	0	0	0	000	0	1	1	1	1	0	0	0	0	0	0	0	0	0	0	0	0	0	1	0	0	0	0	0	0	0	0	0	0	0	0	0	0	0	0	0	0	0	0	0	0	0	0	0	0	0	
019342	00000000193429	OREGANO  X  UN             		0	0001050	0	0	1	1	0	0	0	000	0	1	1	1	1	0	0	0	0	0	0	0	0	0	0	0	0	0	1	0	0	0	0	0	0	0	0	0	0	0	0	0	0	0	0	0	0	0	0	0	0	0	0	0	0	0	
019343	00000000193436	PEREJIL  X UN              		0	0001150	0	0	1	1	0	0	0	000	0	1	1	1	1	0	0	0	0	0	0	0	0	0	0	0	0	0	1	0	0	0	0	0	0	0	0	0	0	0	0	0	0	0	0	0	0	0	0	0	0	0	0	0	0	0	
019344	00000000193443	PEREJIL JAPONES  X UN      		0	0002550	0	0	1	1	0	0	0	000	0	1	1	1	1	0	0	0	0	0	0	0	0	0	0	0	0	0	1	0	0	0	0	0	0	0	0	0	0	0	0	0	0	0	0	0	0	0	0	0	0	0	0	0	0	0	
019345	00000000193450	RABANITO  X UN             		0	0004250	0	0	1	1	0	0	0	000	0	1	1	1	1	0	0	0	0	0	0	0	0	0	0	0	0	0	1	0	0	0	0	0	0	0	0	0	0	0	0	0	0	0	0	0	0	0	0	0	0	0	0	0	0	0	
019347	00000000193474	REMOLACHA CON HOJAS X UN   		0	0006350	0	0	1	1	0	0	0	000	0	1	1	1	1	0	0	0	0	0	0	0	0	0	0	0	0	0	1	0	0	0	0	0	0	0	0	0	0	0	0	0	0	0	0	0	0	0	0	0	0	0	0	0	0	0	
019351	00000000193511	ZANAHORIA CON HOJAS X  UN  		0	0006350	0	0	1	1	0	0	0	000	0	1	1	1	1	0	0	0	0	0	0	0	0	0	0	0	0	0	1	0	0	0	0	0	0	0	0	0	0	0	0	0	0	0	0	0	0	0	0	0	0	0	0	0	0	0	
019354	00000000193542	APIO BRASILERO  X KG       		0	0021050	0	0	0	1	0	0	0	000	0	1	1	1	1	0	0	0	0	0	0	0	0	0	0	0	0	0	1	0	0	0	0	0	0	0	0	0	0	0	0	0	0	0	0	0	0	0	0	0	0	0	0	0	0	0	
019356	00000000193566	ARVEJA CON CASCARA TRES BOC		0	0025350	0	0	0	1	0	0	0	000	0	1	1	1	1	0	0	0	0	0	0	0	0	0	0	0	0	0	1	0	0	0	0	0	0	0	0	0	0	0	0	0	0	0	0	0	0	0	0	0	0	0	0	0	0	0	
019365	00000000193658	REMEDIO REFRESCANTE X UNIDA		0	0001050	0	0	1	1	0	0	0	000	0	1	1	1	1	0	0	0	0	0	0	0	0	0	0	0	0	0	1	0	0	0	0	0	0	0	0	0	0	0	0	0	0	0	0	0	0	0	0	0	0	0	0	0	0	0	
019366	00000000193665	RUCULA X UNIDAD            		0	0003250	0	0	1	1	0	0	0	000	0	1	1	1	1	0	0	0	0	0	0	0	0	0	0	0	0	0	1	0	0	0	0	0	0	0	0	0	0	0	0	0	0	0	0	0	0	0	0	0	0	0	0	0	0	0	
019367	00000000193672	TOMILLO  X UNIDAD          		0	0002800	0	0	1	1	0	0	0	000	0	1	1	1	1	0	0	0	0	0	0	0	0	0	0	0	0	0	1	0	0	0	0	0	0	0	0	0	0	0	0	0	0	0	0	0	0	0	0	0	0	0	0	0	0	0	
019374	00000000193740	PERA ECONOMICA X KG        		0	0005350	0	0	0	1	0	0	0	000	0	1	1	1	1	0	0	0	0	0	0	0	0	0	0	0	0	0	1	0	0	0	0	0	0	0	0	0	0	0	0	0	0	0	0	0	0	0	0	0	0	0	0	0	0	0	
019382	00000000193825	CHOCLO DULCE  X KL         		0	0024450	0	0	0	1	0	0	0	000	0	1	1	1	1	0	0	0	0	0	0	0	0	0	0	0	0	0	1	0	0	0	0	0	0	0	0	0	0	0	0	0	0	0	0	0	0	0	0	0	0	0	0	0	0	0	
019388	00000000193887	SATUINO TRES BOCAS X KL    		0	0016300	0	0	0	1	0	0	0	000	0	1	1	1	1	0	0	0	0	0	0	0	0	0	0	0	0	0	1	0	0	0	0	0	0	0	0	0	0	0	0	0	0	0	0	0	0	0	0	0	0	0	0	0	0	0	
019446	00000000194464	PUERRO BRASIL  X KL        		0	0054300	0	0	0	1	0	0	0	000	0	1	1	1	1	0	0	0	0	0	0	0	0	0	0	0	0	0	1	0	0	0	0	0	0	0	0	0	0	0	0	0	0	0	0	0	0	0	0	0	0	0	0	0	0	0	
019458	00000000194587	CHAUCHA BRASILERO X KL     		0	0033950	0	0	0	1	0	0	0	000	0	1	1	1	1	0	0	0	0	0	0	0	0	0	0	0	0	0	1	0	0	0	0	0	0	0	0	0	0	0	0	0	0	0	0	0	0	0	0	0	0	0	0	0	0	0	
019463	00000000194631	APIO NAC X UN              		0	0003500	0	0	1	1	0	0	0	000	0	1	1	1	1	0	0	0	0	0	0	0	0	0	0	0	0	0	1	0	0	0	0	0	0	0	0	0	0	0	0	0	0	0	0	0	0	0	0	0	0	0	0	0	0	0	
019464	00000000194648	PUERRO X UND               		0	0003250	0	0	1	1	0	0	0	000	0	1	1	1	1	0	0	0	0	0	0	0	0	0	0	0	0	0	1	0	0	0	0	0	0	0	0	0	0	0	0	0	0	0	0	0	0	0	0	0	0	0	0	0	0	0	
019465	00000000194655	ROMERO X MAZO              		0	0002100	0	0	1	1	0	0	0	000	0	1	1	1	1	0	0	0	0	0	0	0	0	0	0	0	0	0	1	0	0	0	0	0	0	0	0	0	0	0	0	0	0	0	0	0	0	0	0	0	0	0	0	0	0	0	
019467	00000000194679	TOMATE CHERRY  X KG        		0	0033950	0	0	0	1	0	0	0	000	0	1	1	1	1	0	0	0	0	0	0	0	0	0	0	0	0	0	1	0	0	0	0	0	0	0	0	0	0	0	0	0	0	0	0	0	0	0	0	0	0	0	0	0	0	0	
019487	00000000194877	CIRUELA ROJA IMP 1 KG      		0	0026050	0	0	0	1	0	0	0	000	0	1	1	1	1	0	0	0	0	0	0	0	0	0	0	0	0	0	1	0	0	0	0	0	0	0	0	0	0	0	0	0	0	0	0	0	0	0	0	0	0	0	0	0	0	0	
019510	00000000195102	MAMON NACIONAL S E 1 KG    		0	0006500	0	0	0	1	0	0	0	000	0	1	1	1	1	0	0	0	0	0	0	0	0	0	0	0	0	0	1	0	0	0	0	0	0	0	0	0	0	0	0	0	0	0	0	0	0	0	0	0	0	0	0	0	0	0	
019513	00000000195133	MANDARINA IMPORTADA 1 KG   		0	0009100	0	0	0	1	0	0	0	000	0	1	1	1	1	0	0	0	0	0	0	0	0	0	0	0	0	0	1	0	0	0	0	0	0	0	0	0	0	0	0	0	0	0	0	0	0	0	0	0	0	0	0	0	0	0	
019514	00000000195140	MANGO NACIONAL  1 KG       		0	0007200	0	0	0	1	0	0	0	000	0	1	1	1	1	0	0	0	0	0	0	0	0	0	0	0	0	0	1	0	0	0	0	0	0	0	0	0	0	0	0	0	0	0	0	0	0	0	0	0	0	0	0	0	0	0	
019519	00000000195195	MBURUCUYA DULCE X KG       		0	0092300	0	0	0	1	0	0	0	000	0	1	1	1	1	0	0	0	0	0	0	0	0	0	0	0	0	0	1	0	0	0	0	0	0	0	0	0	0	0	0	0	0	0	0	0	0	0	0	0	0	0	0	0	0	0	
019535	00000000195355	PI A PEROLA SC 1 KG        		0	0029850	0	0	0	1	0	0	0	000	0	1	1	1	1	0	0	0	0	0	0	0	0	0	0	0	0	0	1	0	0	0	0	0	0	0	0	0	0	0	0	0	0	0	0	0	0	0	0	0	0	0	0	0	0	0	
019540	00000000195409	TORONJA SC 1 KG            		0	0081450	0	0	0	1	0	0	0	000	0	1	1	1	1	0	0	0	0	0	0	0	0	0	0	0	0	0	1	0	0	0	0	0	0	0	0	0	0	0	0	0	0	0	0	0	0	0	0	0	0	0	0	0	0	0	
019550	00000000195508	POROTO PEKY C  CASC SC 1 KG		0	0007400	0	0	0	1	0	0	0	000	0	1	1	1	1	0	0	0	0	0	0	0	0	0	0	0	0	0	1	0	0	0	0	0	0	0	0	0	0	0	0	0	0	0	0	0	0	0	0	0	0	0	0	0	0	0	
019552	00000000195522	POROTO MANT C  CASC SC 1 KG		0	0010400	0	0	0	1	0	0	0	000	0	1	1	1	1	0	0	0	0	0	0	0	0	0	0	0	0	0	1	0	0	0	0	0	0	0	0	0	0	0	0	0	0	0	0	0	0	0	0	0	0	0	0	0	0	0	
019557	00000000195577	AGUACATE NACIONAL X KG     		0	0008850	0	0	0	1	0	0	0	000	0	1	1	1	1	0	0	0	0	0	0	0	0	0	0	0	0	0	1	0	0	0	0	0	0	0	0	0	0	0	0	0	0	0	0	0	0	0	0	0	0	0	0	0	0	0	
019561	00000000195614	BROCOLI  X UN              		0	0011250	0	0	1	1	0	0	0	000	0	1	1	1	1	0	0	0	0	0	0	0	0	0	0	0	0	0	1	0	0	0	0	0	0	0	0	0	0	0	0	0	0	0	0	0	0	0	0	0	0	0	0	0	0	0	
019573	00000000195737	HARINA DE MAIZ FRESCA 1RA X		0	0007750	0	0	0	1	0	0	0	000	0	1	1	1	1	0	0	0	0	0	0	0	0	0	0	0	0	0	1	0	0	0	0	0	0	0	0	0	0	0	0	0	0	0	0	0	0	0	0	0	0	0	0	0	0	0	
019605	00000000196055	MANDARINA NACIONAL X KG    		0	0005200	0	0	0	1	0	0	0	000	0	1	1	1	1	0	0	0	0	0	0	0	0	0	0	0	0	0	1	0	0	0	0	0	0	0	0	0	0	0	0	0	0	0	0	0	0	0	0	0	0	0	0	0	0	0	
019699	00000000196994	POMELO IMPORTADO S E 1 X KG		0	0009500	0	0	0	1	0	0	0	000	0	1	1	1	1	0	0	0	0	0	0	0	0	0	0	0	0	0	1	0	0	0	0	0	0	0	0	0	0	0	0	0	0	0	0	0	0	0	0	0	0	0	0	0	0	0	
019780	00000000197809	CIOBOULLETTE  X MAZO       		0	0002800	0	0	1	1	0	0	0	000	0	1	1	1	1	0	0	0	0	0	0	0	0	0	0	0	0	0	1	0	0	0	0	0	0	0	0	0	0	0	0	0	0	0	0	0	0	0	0	0	0	0	0	0	0	0	
019792	00000000197922	ESPARRAGO X KILO           		0	0142500	0	0	0	1	0	0	0	000	0	1	1	1	1	0	0	0	0	0	0	0	0	0	0	0	0	0	1	0	0	0	0	0	0	0	0	0	0	0	0	0	0	0	0	0	0	0	0	0	0	0	0	0	0	0	
019965	00000000199650	MANDARINA X KG             		0	0007200	0	0	0	1	0	0	0	000	0	1	1	1	1	0	0	0	0	0	0	0	0	0	0	0	0	0	1	0	0	0	0	0	0	0	0	0	0	0	0	0	0	0	0	0	0	0	0	0	0	0	0	0	0	0	
020475	00000000204750	TOMATE PERITA O STA CRUZ EC		0	0006200	0	0	0	1	0	0	0	000	0	1	1	1	1	0	0	0	0	0	0	0	0	0	0	0	0	0	1	0	0	0	0	0	0	0	0	0	0	0	0	0	0	0	0	0	0	0	0	0	0	0	0	0	0	0	
020521	00000000205214	PAPA ECONOMICA X KG        		0	0003950	0	0	0	1	0	0	0	000	0	1	1	1	1	0	0	0	0	0	0	0	0	0	0	0	0	0	1	0	0	0	0	0	0	0	0	0	0	0	0	0	0	0	0	0	0	0	0	0	0	0	0	0	0	0	
020706	00000000207065	ALCACHOFAS X KG IMPORTADA  		0	0081450	0	0	0	1	0	0	0	000	0	1	1	1	1	0	0	0	0	0	0	0	0	0	0	0	0	0	1	0	0	0	0	0	0	0	0	0	0	0	0	0	0	0	0	0	0	0	0	0	0	0	0	0	0	0	
021287	00000000212878	UVA RED GLOBE X KG         		0	0020800	0	0	0	1	0	0	0	000	0	1	1	1	1	0	0	0	0	0	0	0	0	0	0	0	0	0	1	0	0	0	0	0	0	0	0	0	0	0	0	0	0	0	0	0	0	0	0	0	0	0	0	0	0	0	
022050	00000000220507	BANANA KARAPE ECONOMICA X K		0	0003000	0	0	0	1	0	0	0	000	0	1	1	1	1	0	0	0	0	0	0	0	0	0	0	0	0	0	1	0	0	0	0	0	0	0	0	0	0	0	0	0	0	0	0	0	0	0	0	0	0	0	0	0	0	0	
022227	00000000222273	COCO VERDE                 		0	0016300	0	0	0	1	0	0	0	000	0	1	1	1	1	0	0	0	0	0	0	0	0	0	0	0	0	0	1	0	0	0	0	0	0	0	0	0	0	0	0	0	0	0	0	0	0	0	0	0	0	0	0	0	0	0	
022258	00000000222587	SANDIA JAPONES X KL        		0	0020300	0	0	0	1	0	0	0	000	0	1	1	1	1	0	0	0	0	0	0	0	0	0	0	0	0	0	1	0	0	0	0	0	0	0	0	0	0	0	0	0	0	0	0	0	0	0	0	0	0	0	0	0	0	0	
022542	00000000225427	CAJU EN BANDEJA            		0	0122150	0	0	0	1	0	0	0	000	0	1	1	1	1	0	0	0	0	0	0	0	0	0	0	0	0	0	1	0	0	0	0	0	0	0	0	0	0	0	0	0	0	0	0	0	0	0	0	0	0	0	0	0	0	0	
022666	00000000226660	LIMON JAPONES              		0	0005450	0	0	0	1	0	0	0	000	0	1	1	1	1	0	0	0	0	0	0	0	0	0	0	0	0	0	1	0	0	0	0	0	0	0	0	0	0	0	0	0	0	0	0	0	0	0	0	0	0	0	0	0	0	0	
022668	00000000226684	GROSELLA X KILOS           		0	0298550	0	0	0	1	0	0	0	000	0	1	1	1	1	0	0	0	0	0	0	0	0	0	0	0	0	0	1	0	0	0	0	0	0	0	0	0	0	0	0	0	0	0	0	0	0	0	0	0	0	0	0	0	0	0	
023025	00000000230254	CHAUCHA  X MAZO            		0	0003500	0	0	1	1	0	0	0	000	0	1	1	1	1	0	0	0	0	0	0	0	0	0	0	0	0	0	1	0	0	0	0	0	0	0	0	0	0	0	0	0	0	0	0	0	0	0	0	0	0	0	0	0	0	0	
023028	00000000230285	RUDA X MAZO                		0	0002100	0	0	1	1	0	0	0	000	0	1	1	1	1	0	0	0	0	0	0	0	0	0	0	0	0	0	1	0	0	0	0	0	0	0	0	0	0	0	0	0	0	0	0	0	0	0	0	0	0	0	0	0	0	0	
023112	00000000231121	CALABAZA CALABAZA GIGANTE  		0	0020350	0	0	0	1	0	0	0	000	0	1	1	1	1	0	0	0	0	0	0	0	0	0	0	0	0	0	1	0	0	0	0	0	0	0	0	0	0	0	0	0	0	0	0	0	0	0	0	0	0	0	0	0	0	0	
023127	00000000231275	PAPA X KILO                		0	0006550	0	0	0	1	0	0	0	000	0	1	1	1	1	0	0	0	0	0	0	0	0	0	0	0	0	0	1	0	0	0	0	0	0	0	0	0	0	0	0	0	0	0	0	0	0	0	0	0	0	0	0	0	0	0	
023164	00000000231640	KAKI NACIONAL X KG         		0	0020350	0	0	0	1	0	0	0	000	0	1	1	1	1	0	0	0	0	0	0	0	0	0	0	0	0	0	1	0	0	0	0	0	0	0	0	0	0	0	0	0	0	0	0	0	0	0	0	0	0	0	0	0	0	0	
023711	00000000237116	BATATA ROJA BRASIL 1KG     		0	0008850	0	0	0	1	0	0	0	000	0	1	1	1	1	0	0	0	0	0	0	0	0	0	0	0	0	0	1	0	0	0	0	0	0	0	0	0	0	0	0	0	0	0	0	0	0	0	0	0	0	0	0	0	0	0	
023716	00000000237161	UVA MOSCATE X KILO         		0	0028500	0	0	0	1	0	0	0	000	0	1	1	1	1	0	0	0	0	0	0	0	0	0	0	0	0	0	1	0	0	0	0	0	0	0	0	0	0	0	0	0	0	0	0	0	0	0	0	0	0	0	0	0	0	0	
023823	00000000238236	NARANJA BRASIL BAHIA S E X 		0	0023050	0	0	0	1	0	0	0	000	0	1	1	1	1	0	0	0	0	0	0	0	0	0	0	0	0	0	1	0	0	0	0	0	0	0	0	0	0	0	0	0	0	0	0	0	0	0	0	0	0	0	0	0	0	0	
023839	00000000238397	MANZANA GALA 1 MIMOSA 1KG  		0	0017650	0	0	0	1	0	0	0	000	0	1	1	1	1	0	0	0	0	0	0	0	0	0	0	0	0	0	1	0	0	0	0	0	0	0	0	0	0	0	0	0	0	0	0	0	0	0	0	0	0	0	0	0	0	0	
023848	00000000238489	LOCOTE VERDE ECONOMICO X KG		0	0008950	0	0	0	1	0	0	0	000	0	1	1	1	1	0	0	0	0	0	0	0	0	0	0	0	0	0	1	0	0	0	0	0	0	0	0	0	0	0	0	0	0	0	0	0	0	0	0	0	0	0	0	0	0	0	
023892	00000000238922	LIMA DE PERSIA X KG        		0	0020350	0	0	0	1	0	0	0	000	0	1	1	1	1	0	0	0	0	0	0	0	0	0	0	0	0	0	1	0	0	0	0	0	0	0	0	0	0	0	0	0	0	0	0	0	0	0	0	0	0	0	0	0	0	0	
023920	00000000239202	ZANAHORIA BABY X KG        		0	0088200	0	0	0	1	0	0	0	000	0	1	1	1	1	0	0	0	0	0	0	0	0	0	0	0	0	0	1	0	0	0	0	0	0	0	0	0	0	0	0	0	0	0	0	0	0	0	0	0	0	0	0	0	0	0	
024545	00000000245456	LITCHI X KG S E            		0	0122150	0	0	0	1	0	0	0	000	0	1	1	1	1	0	0	0	0	0	0	0	0	0	0	0	0	0	1	0	0	0	0	0	0	0	0	0	0	0	0	0	0	0	0	0	0	0	0	0	0	0	0	0	0	0	
031747	00000000317474	CEBOLLA BLANCA X KG        		0	0021700	0	0	0	1	0	0	0	000	0	1	1	1	1	0	0	0	0	0	0	0	0	0	0	0	0	0	1	0	0	0	0	0	0	0	0	0	0	0	0	0	0	0	0	0	0	0	0	0	0	0	0	0	0	0	
033953	00000000339537	ZANAHORIA ECONOMICO X KG   		0	0002750	0	0	0	1	0	0	0	000	0	1	1	1	1	0	0	0	0	0	0	0	0	0	0	0	0	0	1	0	0	0	0	0	0	0	0	0	0	0	0	0	0	0	0	0	0	0	0	0	0	0	0	0	0	0	
035967	00000000359672	CORTE PARA GUISO X KG      		0	0025950	0	0	0	1	0	0	0	000	0	1	1	1	1	0	0	0	0	0	0	0	0	0	0	0	0	0	1	0	0	0	0	0	0	0	0	0	0	0	0	0	0	0	0	0	0	0	0	0	0	0	0	0	0	0	
037755	00000000377553	UVA KIOHO X KG             		0	0017650	0	0	0	1	0	0	0	000	0	1	1	1	1	0	0	0	0	0	0	0	0	0	0	0	0	0	1	0	0	0	0	0	0	0	0	0	0	0	0	0	0	0	0	0	0	0	0	0	0	0	0	0	0	0	
037823	00000000378239	MANZANA FUJI X KG          		0	0031200	0	0	0	1	0	0	0	000	0	1	1	1	1	0	0	0	0	0	0	0	0	0	0	0	0	0	1	0	0	0	0	0	0	0	0	0	0	0	0	0	0	0	0	0	0	0	0	0	0	0	0	0	0	0	
037927	00000000379274	FLOR DE COCO               		0	0007050	0	0	1	1	0	0	0	000	0	1	1	1	1	0	0	0	0	0	0	0	0	0	0	0	0	0	1	0	0	0	0	0	0	0	0	0	0	0	0	0	0	0	0	0	0	0	0	0	0	0	0	0	0	0	
038026	00000000380263	PUCHERO ESPINAZO VACUNO X K		0	0010950	0	0	0	1	0	0	0	000	0	1	1	1	1	0	0	0	0	0	0	0	0	0	0	0	0	0	1	0	0	0	0	0	0	0	0	0	0	0	0	0	0	0	0	0	0	0	0	0	0	0	0	0	0	0	
039183	00000000391832	ACEROLA KG                 		0	0067850	0	0	0	1	0	0	0	000	0	1	1	1	1	0	0	0	0	0	0	0	0	0	0	0	0	0	1	0	0	0	0	0	0	0	0	0	0	0	0	0	0	0	0	0	0	0	0	0	0	0	0	0	0	0	
039187	00000000391870	ALCAUCIL X KL SIN MARCA    		0	0108550	0	0	0	1	0	0	0	000	0	1	1	1	1	0	0	0	0	0	0	0	0	0	0	0	0	0	1	0	0	0	0	0	0	0	0	0	0	0	0	0	0	0	0	0	0	0	0	0	0	0	0	0	0	0	
039197	00000000391979	BERENJENITA KG             		0	0020350	0	0	0	1	0	0	0	000	0	1	1	1	1	0	0	0	0	0	0	0	0	0	0	0	0	0	1	0	0	0	0	0	0	0	0	0	0	0	0	0	0	0	0	0	0	0	0	0	0	0	0	0	0	0	
039223	00000000392235	GILO   x 1                 		0	0033950	0	0	0	1	0	0	0	000	0	1	1	1	1	0	0	0	0	0	0	0	0	0	0	0	0	0	1	0	0	0	0	0	0	0	0	0	0	0	0	0	0	0	0	0	0	0	0	0	0	0	0	0	0	0	
039225	00000000392259	GROSELLA FRUTA S E X KG    		0	0009950	0	0	0	1	0	0	0	000	0	1	1	1	1	0	0	0	0	0	0	0	0	0	0	0	0	0	1	0	0	0	0	0	0	0	0	0	0	0	0	0	0	0	0	0	0	0	0	0	0	0	0	0	0	0	
039324	00000000393249	ZAPALLO NARANJADO          		0	0014950	0	0	0	1	0	0	0	000	0	1	1	1	1	0	0	0	0	0	0	0	0	0	0	0	0	0	1	0	0	0	0	0	0	0	0	0	0	0	0	0	0	0	0	0	0	0	0	0	0	0	0	0	0	0	
039329	00000000393294	SANDIA AMARILLA X KG       		0	0019000	0	0	0	1	0	0	0	000	0	1	1	1	1	0	0	0	0	0	0	0	0	0	0	0	0	0	1	0	0	0	0	0	0	0	0	0	0	0	0	0	0	0	0	0	0	0	0	0	0	0	0	0	0	0	
039342	00000000393423	MORA ZARZAMORA             		0	0190000	0	0	0	1	0	0	0	000	0	1	1	1	1	0	0	0	0	0	0	0	0	0	0	0	0	0	1	0	0	0	0	0	0	0	0	0	0	0	0	0	0	0	0	0	0	0	0	0	0	0	0	0	0	0	
039345	00000000393454	CEBOLLA ECONOMICA X KG     		0	0003950	0	0	0	1	0	0	0	000	0	1	1	1	1	0	0	0	0	0	0	0	0	0	0	0	0	0	1	0	0	0	0	0	0	0	0	0	0	0	0	0	0	0	0	0	0	0	0	0	0	0	0	0	0	0	
040234	00000000402347	MANGOSTINO  X  KG          		0	0217150	0	0	0	1	0	0	0	000	0	1	1	1	1	0	0	0	0	0	0	0	0	0	0	0	0	0	1	0	0	0	0	0	0	0	0	0	0	0	0	0	0	0	0	0	0	0	0	0	0	0	0	0	0	0	
040259	00000000402590	PAPA MORADA X KG           		0	0008150	0	0	0	1	0	0	0	000	0	1	1	1	1	0	0	0	0	0	0	0	0	0	0	0	0	0	1	0	0	0	0	0	0	0	0	0	0	0	0	0	0	0	0	0	0	0	0	0	0	0	0	0	0	0	
040271	00000000402712	UVA BLANCA SIN SEMILLA     		0	0047500	0	0	0	1	0	0	0	000	0	1	1	1	1	0	0	0	0	0	0	0	0	0	0	0	0	0	1	0	0	0	0	0	0	0	0	0	0	0	0	0	0	0	0	0	0	0	0	0	0	0	0	0	0	0	
040275	00000000402750	TAMARINDO EN PAQUETE       		0	0108550	0	0	0	1	0	0	0	000	0	1	1	1	1	0	0	0	0	0	0	0	0	0	0	0	0	0	1	0	0	0	0	0	0	0	0	0	0	0	0	0	0	0	0	0	0	0	0	0	0	0	0	0	0	0	
040773	00000000407731	NARANJA VALENCIA X KG      		0	0006550	0	0	0	1	0	0	0	000	0	1	1	1	1	0	0	0	0	0	0	0	0	0	0	0	0	0	1	0	0	0	0	0	0	0	0	0	0	0	0	0	0	0	0	0	0	0	0	0	0	0	0	0	0	0	
040874	00000000408745	BATATA KARAA               		0	0021700	0	0	0	1	0	0	0	000	0	1	1	1	1	0	0	0	0	0	0	0	0	0	0	0	0	0	1	0	0	0	0	0	0	0	0	0	0	0	0	0	0	0	0	0	0	0	0	0	0	0	0	0	0	0	
041259	00000000412599	PALMA C DECORADO           		0	0007050	0	0	1	1	0	0	0	000	0	1	1	1	1	0	0	0	0	0	0	0	0	0	0	0	0	0	1	0	0	0	0	0	0	0	0	0	0	0	0	0	0	0	0	0	0	0	0	0	0	0	0	0	0	0	
041316	00000000413169	AJI PICANTITO EN BANDEJA   		0	0040700	0	0	0	1	0	0	0	000	0	1	1	1	1	0	0	0	0	0	0	0	0	0	0	0	0	0	1	0	0	0	0	0	0	0	0	0	0	0	0	0	0	0	0	0	0	0	0	0	0	0	0	0	0	0	
041736	00000000417365	PALMA S DECORADO           		0	0007050	0	0	1	1	0	0	0	000	0	1	1	1	1	0	0	0	0	0	0	0	0	0	0	0	0	0	1	0	0	0	0	0	0	0	0	0	0	0	0	0	0	0	0	0	0	0	0	0	0	0	0	0	0	0	
041869	00000000418690	JACA X KILOGRAMO           		0	0036650	0	0	0	1	0	0	0	000	0	1	1	1	1	0	0	0	0	0	0	0	0	0	0	0	0	0	1	0	0	0	0	0	0	0	0	0	0	0	0	0	0	0	0	0	0	0	0	0	0	0	0	0	0	0	
042256	00000000422567	GRAVIOLA X KG              		0	0051550	0	0	0	1	0	0	0	000	0	1	1	1	1	0	0	0	0	0	0	0	0	0	0	0	0	0	1	0	0	0	0	0	0	0	0	0	0	0	0	0	0	0	0	0	0	0	0	0	0	0	0	0	0	0	
042264	00000000422642	MELON SAPO XKG             		0	0020350	0	0	0	1	0	0	0	000	0	1	1	1	1	0	0	0	0	0	0	0	0	0	0	0	0	0	1	0	0	0	0	0	0	0	0	0	0	0	0	0	0	0	0	0	0	0	0	0	0	0	0	0	0	0	
042265	00000000422659	MORA X KILOS               		0	0190000	0	0	0	1	0	0	0	000	0	1	1	1	1	0	0	0	0	0	0	0	0	0	0	0	0	0	1	0	0	0	0	0	0	0	0	0	0	0	0	0	0	0	0	0	0	0	0	0	0	0	0	0	0	0	
042266	00000000422666	PITAYA X KG                		0	0135700	0	0	0	1	0	0	0	000	0	1	1	1	1	0	0	0	0	0	0	0	0	0	0	0	0	0	1	0	0	0	0	0	0	0	0	0	0	0	0	0	0	0	0	0	0	0	0	0	0	0	0	0	0	0	
042267	00000000422673	SANDIA BABY XKG            		0	0019000	0	0	0	1	0	0	0	000	0	1	1	1	1	0	0	0	0	0	0	0	0	0	0	0	0	0	1	0	0	0	0	0	0	0	0	0	0	0	0	0	0	0	0	0	0	0	0	0	0	0	0	0	0	0	
043184	00000000431842	QUESO CREMON X KG SERENISIM		0	0047600	0	0	0	1	0	0	0	000	0	1	1	1	1	0	0	0	0	0	0	0	0	0	0	0	0	0	1	0	0	0	0	0	0	0	0	0	0	0	0	0	0	0	0	0	0	0	0	0	0	0	0	0	0	0	
044600	00000000446006	ARANDANO X KG              		0	0183200	0	0	0	1	0	0	0	000	0	1	1	1	1	0	0	0	0	0	0	0	0	0	0	0	0	0	1	0	0	0	0	0	0	0	0	0	0	0	0	0	0	0	0	0	0	0	0	0	0	0	0	0	0	0	
044602	00000000446020	LECHUGA PIRATI SUPER XUND  		0	0007450	0	0	1	1	0	0	0	000	0	1	1	1	1	0	0	0	0	0	0	0	0	0	0	0	0	0	1	0	0	0	0	0	0	0	0	0	0	0	0	0	0	0	0	0	0	0	0	0	0	0	0	0	0	0	
044603	00000000446037	LECHUGA MORADA SUPER UND   		0	0007450	0	0	1	1	0	0	0	000	0	1	1	1	1	0	0	0	0	0	0	0	0	0	0	0	0	0	1	0	0	0	0	0	0	0	0	0	0	0	0	0	0	0	0	0	0	0	0	0	0	0	0	0	0	0	
044604	00000000446044	LECHUGA MIMOSA SUPER UND   		0	0007450	0	0	1	1	0	0	0	000	0	1	1	1	1	0	0	0	0	0	0	0	0	0	0	0	0	0	1	0	0	0	0	0	0	0	0	0	0	0	0	0	0	0	0	0	0	0	0	0	0	0	0	0	0	0	
044605	00000000446051	LECHUGA MANTECA SUPER UND  		0	0007450	0	0	1	1	0	0	0	000	0	1	1	1	1	0	0	0	0	0	0	0	0	0	0	0	0	0	1	0	0	0	0	0	0	0	0	0	0	0	0	0	0	0	0	0	0	0	0	0	0	0	0	0	0	0	
044606	00000000446068	LECHUGA BLANCA SUPER UND   		0	0007450	0	0	1	1	0	0	0	000	0	1	1	1	1	0	0	0	0	0	0	0	0	0	0	0	0	0	1	0	0	0	0	0	0	0	0	0	0	0	0	0	0	0	0	0	0	0	0	0	0	0	0	0	0	0	
044661	00000000446617	UVA NIAGARA XKG S E        		0	0027150	0	0	0	1	0	0	0	000	0	1	1	1	1	0	0	0	0	0	0	0	0	0	0	0	0	0	1	0	0	0	0	0	0	0	0	0	0	0	0	0	0	0	0	0	0	0	0	0	0	0	0	0	0	0	
044692	00000000446921	MELON JAPONES IMPORTADO XKG		0	0017000	0	0	0	1	0	0	0	000	0	1	1	1	1	0	0	0	0	0	0	0	0	0	0	0	0	0	1	0	0	0	0	0	0	0	0	0	0	0	0	0	0	0	0	0	0	0	0	0	0	0	0	0	0	0	
044696	00000000446969	FRAMBUESA XKG S E          		0	0074650	0	0	0	1	0	0	0	000	0	1	1	1	1	0	0	0	0	0	0	0	0	0	0	0	0	0	1	0	0	0	0	0	0	0	0	0	0	0	0	0	0	0	0	0	0	0	0	0	0	0	0	0	0	0	
044707	00000000447072	HIGO DE LA INDIA XKG S E   		0	0169650	0	0	0	1	0	0	0	000	0	1	1	1	1	0	0	0	0	0	0	0	0	0	0	0	0	0	1	0	0	0	0	0	0	0	0	0	0	0	0	0	0	0	0	0	0	0	0	0	0	0	0	0	0	0	
044713	00000000447133	PLATANO X KG               		0	0016300	0	0	0	1	0	0	0	000	0	1	1	1	1	0	0	0	0	0	0	0	0	0	0	0	0	0	1	0	0	0	0	0	0	0	0	0	0	0	0	0	0	0	0	0	0	0	0	0	0	0	0	0	0	0	
044720	00000000447201	NASU XKG S ENVASE          		0	0027150	0	0	0	1	0	0	0	000	0	1	1	1	1	0	0	0	0	0	0	0	0	0	0	0	0	0	1	0	0	0	0	0	0	0	0	0	0	0	0	0	0	0	0	0	0	0	0	0	0	0	0	0	0	0	
044721	00000000447218	TOMATE TIPO HOLANDES X KG  		0	0039350	0	0	0	1	0	0	0	000	0	1	1	1	1	0	0	0	0	0	0	0	0	0	0	0	0	0	1	0	0	0	0	0	0	0	0	0	0	0	0	0	0	0	0	0	0	0	0	0	0	0	0	0	0	0	
045535	00000000455350	BANANA ROJA 1KG S E        		0	0007200	0	0	0	1	0	0	0	000	0	1	1	1	1	0	0	0	0	0	0	0	0	0	0	0	0	0	1	0	0	0	0	0	0	0	0	0	0	0	0	0	0	0	0	0	0	0	0	0	0	0	0	0	0	0	
045804	00000000458047	RAMBUTAN S E X KG          		0	0183200	0	0	0	1	0	0	0	000	0	1	1	1	1	0	0	0	0	0	0	0	0	0	0	0	0	0	1	0	0	0	0	0	0	0	0	0	0	0	0	0	0	0	0	0	0	0	0	0	0	0	0	0	0	0	
045842	00000000458429	MANDIOQUI A X KILO S E     		0	0029850	0	0	0	1	0	0	0	000	0	1	1	1	1	0	0	0	0	0	0	0	0	0	0	0	0	0	1	0	0	0	0	0	0	0	0	0	0	0	0	0	0	0	0	0	0	0	0	0	0	0	0	0	0	0	
045843	00000000458436	KAKI CHOCOLATE X KILO S E  		0	0031200	0	0	0	1	0	0	0	000	0	1	1	1	1	0	0	0	0	0	0	0	0	0	0	0	0	0	1	0	0	0	0	0	0	0	0	0	0	0	0	0	0	0	0	0	0	0	0	0	0	0	0	0	0	0	
045844	00000000458443	CACAO X KILO S E           		0	0027150	0	0	0	1	0	0	0	000	0	1	1	1	1	0	0	0	0	0	0	0	0	0	0	0	0	0	1	0	0	0	0	0	0	0	0	0	0	0	0	0	0	0	0	0	0	0	0	0	0	0	0	0	0	0	
045845	00000000458450	COPOAZU X KILO S E         		0	0033950	0	0	0	1	0	0	0	000	0	1	1	1	1	0	0	0	0	0	0	0	0	0	0	0	0	0	1	0	0	0	0	0	0	0	0	0	0	0	0	0	0	0	0	0	0	0	0	0	0	0	0	0	0	0	
045846	00000000458467	TOMATE UVA X KILO S E      		0	0088200	0	0	0	1	0	0	0	000	0	1	1	1	1	0	0	0	0	0	0	0	0	0	0	0	0	0	1	0	0	0	0	0	0	0	0	0	0	0	0	0	0	0	0	0	0	0	0	0	0	0	0	0	0	0	
045875	00000000458757	PITAYA AMARILLA X KG       		0	0135700	0	0	0	1	0	0	0	000	0	1	1	1	1	0	0	0	0	0	0	0	0	0	0	0	0	0	1	0	0	0	0	0	0	0	0	0	0	0	0	0	0	0	0	0	0	0	0	0	0	0	0	0	0	0	
045876	00000000458764	DATILES TAMARA             		0	0108550	0	0	0	1	0	0	0	000	0	1	1	1	1	0	0	0	0	0	0	0	0	0	0	0	0	0	1	0	0	0	0	0	0	0	0	0	0	0	0	0	0	0	0	0	0	0	0	0	0	0	0	0	0	0	
045878	00000000458788	KIWI S E 1 KG BLANCO       		0	0047500	0	0	0	1	0	0	0	000	0	1	1	1	1	0	0	0	0	0	0	0	0	0	0	0	0	0	1	0	0	0	0	0	0	0	0	0	0	0	0	0	0	0	0	0	0	0	0	0	0	0	0	0	0	0	
045879	00000000458795	PHYSALIS X KG S E          		0	0196800	0	0	0	1	0	0	0	000	0	1	1	1	1	0	0	0	0	0	0	0	0	0	0	0	0	0	1	0	0	0	0	0	0	0	0	0	0	0	0	0	0	0	0	0	0	0	0	0	0	0	0	0	0	0	
045951	00000000459518	CUCURMA S E X KG           		0	0108550	0	0	0	1	0	0	0	000	0	1	1	1	1	0	0	0	0	0	0	0	0	0	0	0	0	0	1	0	0	0	0	0	0	0	0	0	0	0	0	0	0	0	0	0	0	0	0	0	0	0	0	0	0	0	
046048	00000000460484	ARANDANO NACIONAL X KL     		0	0135700	0	0	0	1	0	0	0	000	0	1	1	1	1	0	0	0	0	0	0	0	0	0	0	0	0	0	1	0	0	0	0	0	0	0	0	0	0	0	0	0	0	0	0	0	0	0	0	0	0	0	0	0	0	0	
046049	00000000460491	MORA NACIONAL X KL         		0	0054300	0	0	0	1	0	0	0	000	0	1	1	1	1	0	0	0	0	0	0	0	0	0	0	0	0	0	1	0	0	0	0	0	0	0	0	0	0	0	0	0	0	0	0	0	0	0	0	0	0	0	0	0	0	0	
046050	00000000460507	MELON SAN CAETANO X KL     		0	0038000	0	0	0	1	0	0	0	000	0	1	1	1	1	0	0	0	0	0	0	0	0	0	0	0	0	0	1	0	0	0	0	0	0	0	0	0	0	0	0	0	0	0	0	0	0	0	0	0	0	0	0	0	0	0	
046051	00000000460514	CLARITA X KL               		0	0027150	0	0	0	1	0	0	0	000	0	1	1	1	1	0	0	0	0	0	0	0	0	0	0	0	0	0	1	0	0	0	0	0	0	0	0	0	0	0	0	0	0	0	0	0	0	0	0	0	0	0	0	0	0	0	
046052	00000000460521	TOMATE KAKI X KL           		0	0067850	0	0	0	1	0	0	0	000	0	1	1	1	1	0	0	0	0	0	0	0	0	0	0	0	0	0	1	0	0	0	0	0	0	0	0	0	0	0	0	0	0	0	0	0	0	0	0	0	0	0	0	0	0	0	
046053	00000000460538	CIRUELA AMARILLA X KL      		0	0033950	0	0	0	1	0	0	0	000	0	1	1	1	1	0	0	0	0	0	0	0	0	0	0	0	0	0	1	0	0	0	0	0	0	0	0	0	0	0	0	0	0	0	0	0	0	0	0	0	0	0	0	0	0	0	
046091	00000000460910	JALAPE OS X KG             		0	0115350	0	0	0	1	0	0	0	000	0	1	1	1	1	0	0	0	0	0	0	0	0	0	0	0	0	0	1	0	0	0	0	0	0	0	0	0	0	0	0	0	0	0	0	0	0	0	0	0	0	0	0	0	0	0	
046147	00000000461474	NONI X KG S E              		0	0047500	0	0	0	1	0	0	0	000	0	1	1	1	1	0	0	0	0	0	0	0	0	0	0	0	0	0	1	0	0	0	0	0	0	0	0	0	0	0	0	0	0	0	0	0	0	0	0	0	0	0	0	0	0	0	
046172	00000000461726	ABOCADO X KG S E           		0	0061050	0	0	0	1	0	0	0	000	0	1	1	1	1	0	0	0	0	0	0	0	0	0	0	0	0	0	1	0	0	0	0	0	0	0	0	0	0	0	0	0	0	0	0	0	0	0	0	0	0	0	0	0	0	0	
057121	00000000571210	MORRONES SURTIDOS X KG S E 		0	0040700	0	0	0	1	0	0	0	000	0	1	1	1	1	0	0	0	0	0	0	0	0	0	0	0	0	0	1	0	0	0	0	0	0	0	0	0	0	0	0	0	0	0	0	0	0	0	0	0	0	0	0	0	0	0	
057122	00000000571227	CHILES VERDES X KG S E     		0	0047450	0	0	0	1	0	0	0	000	0	1	1	1	1	0	0	0	0	0	0	0	0	0	0	0	0	0	1	0	0	0	0	0	0	0	0	0	0	0	0	0	0	0	0	0	0	0	0	0	0	0	0	0	0	0	
057155	00000000571555	LOCOTE HABANERO XKG S E    		0	0115350	0	0	0	1	0	0	0	000	0	1	1	1	1	0	0	0	0	0	0	0	0	0	0	0	0	0	1	0	0	0	0	0	0	0	0	0	0	0	0	0	0	0	0	0	0	0	0	0	0	0	0	0	0	0	
057395	00000000573955	LOCOTE PALERMO X KG S E    		0	0054300	0	0	0	1	0	0	0	000	0	1	1	1	1	0	0	0	0	0	0	0	0	0	0	0	0	0	1	0	0	0	0	0	0	0	0	0	0	0	0	0	0	0	0	0	0	0	0	0	0	0	0	0	0	0	
058231	00000000582315	EUCALIPTO MENTOLADO X MAZO 		0	0001850	0	0	1	1	0	0	0	000	0	1	1	1	1	0	0	0	0	0	0	0	0	0	0	0	0	0	1	0	0	0	0	0	0	0	0	0	0	0	0	0	0	0	0	0	0	0	0	0	0	0	0	0	0	0	
058891	00000000588911	AJI AMARILLO X KG          		0	0047500	0	0	0	1	0	0	0	000	0	1	1	1	1	0	0	0	0	0	0	0	0	0	0	0	0	0	1	0	0	0	0	0	0	0	0	0	0	0	0	0	0	0	0	0	0	0	0	0	0	0	0	0	0	0	
058892	00000000588928	MANDARINA ESPECIAL XKG     		0	0019500	0	0	0	1	0	0	0	000	0	1	1	1	1	0	0	0	0	0	0	0	0	0	0	0	0	0	1	0	0	0	0	0	0	0	0	0	0	0	0	0	0	0	0	0	0	0	0	0	0	0	0	0	0	0	
090000	00000000900003	MANZANA S E 1 KG VERDE VERD		0	0014950	0	0	0	1	0	0	0	000	0	1	1	1	1	0	0	0	0	0	0	0	0	0	0	0	0	0	1	0	0	0	0	0	0	0	0	0	0	0	0	0	0	0	0	0	0	0	0	0	0	0	0	0	0	0	
090001	00000000900010	MANZANA S E 1 KG ROJO IMPRT		0	0012950	0	0	0	1	0	0	0	000	0	1	1	1	1	0	0	0	0	0	0	0	0	0	0	0	0	0	1	0	0	0	0	0	0	0	0	0	0	0	0	0	0	0	0	0	0	0	0	0	0	0	0	0	0	0	
090002	00000000900027	MANZANA S E 1 COLEGIALA    		0	0011450	0	0	0	1	0	0	0	000	0	1	1	1	1	0	0	0	0	0	0	0	0	0	0	0	0	0	1	0	0	0	0	0	0	0	0	0	0	0	0	0	0	0	0	0	0	0	0	0	0	0	0	0	0	0	
090003	00000000900034	MANZANA SUPER X KG         		0	0011900	0	0	0	1	0	0	0	000	0	1	1	1	1	0	0	0	0	0	0	0	0	0	0	0	0	0	1	0	0	0	0	0	0	0	0	0	0	0	0	0	0	0	0	0	0	0	0	0	0	0	0	0	0	0	
090004	00000000900041	PERA S E 1 KG DE AGUA ARGEN		0	0010150	0	0	0	1	0	0	0	000	0	1	1	1	1	0	0	0	0	0	0	0	0	0	0	0	0	0	1	0	0	0	0	0	0	0	0	0	0	0	0	0	0	0	0	0	0	0	0	0	0	0	0	0	0	0	
090005	00000000900058	PERA S E 1 KG DE AGUA SUPER		0	0022450	0	0	0	1	0	0	0	000	0	1	1	1	1	0	0	0	0	0	0	0	0	0	0	0	0	0	1	0	0	0	0	0	0	0	0	0	0	0	0	0	0	0	0	0	0	0	0	0	0	0	0	0	0	0	
090006	00000000900065	BANANA S E 1 KG ORO        		0	0017000	0	0	0	1	0	0	0	000	0	1	1	1	1	0	0	0	0	0	0	0	0	0	0	0	0	0	1	0	0	0	0	0	0	0	0	0	0	0	0	0	0	0	0	0	0	0	0	0	0	0	0	0	0	0	
090007	00000000900072	BANANA KARAPE X KG         		0	0007750	0	0	0	1	0	0	0	000	0	1	1	1	1	0	0	0	0	0	0	0	0	0	0	0	0	0	1	0	0	0	0	0	0	0	0	0	0	0	0	0	0	0	0	0	0	0	0	0	0	0	0	0	0	0	
090008	00000000900089	MAMON CHICO BRASIL X KG    		0	0020350	0	0	0	1	0	0	0	000	0	1	1	1	1	0	0	0	0	0	0	0	0	0	0	0	0	0	1	0	0	0	0	0	0	0	0	0	0	0	0	0	0	0	0	0	0	0	0	0	0	0	0	0	0	0	
090009	00000000900096	MAMON S E 1 KG GRANDE      		0	0018900	0	0	0	1	0	0	0	000	0	1	1	1	1	0	0	0	0	0	0	0	0	0	0	0	0	0	1	0	0	0	0	0	0	0	0	0	0	0	0	0	0	0	0	0	0	0	0	0	0	0	0	0	0	0	
090010	00000000900102	UVA S E 1 KG BLANCA NACIONA		0	0011300	0	0	0	1	0	0	0	000	0	1	1	1	1	0	0	0	0	0	0	0	0	0	0	0	0	0	1	0	0	0	0	0	0	0	0	0	0	0	0	0	0	0	0	0	0	0	0	0	0	0	0	0	0	0	
090011	00000000900119	UVA S E 1 KG NEGRA NACIONAL		0	0024450	0	0	0	1	0	0	0	000	0	1	1	1	1	0	0	0	0	0	0	0	0	0	0	0	0	0	1	0	0	0	0	0	0	0	0	0	0	0	0	0	0	0	0	0	0	0	0	0	0	0	0	0	0	0	
090012	00000000900126	UVA S E 1 KG NEGRA BRASIL  		0	0031200	0	0	0	1	0	0	0	000	0	1	1	1	1	0	0	0	0	0	0	0	0	0	0	0	0	0	1	0	0	0	0	0	0	0	0	0	0	0	0	0	0	0	0	0	0	0	0	0	0	0	0	0	0	0	
090013	00000000900133	UVA S E 1 KG ROSADA NACIONA		0	0011300	0	0	0	1	0	0	0	000	0	1	1	1	1	0	0	0	0	0	0	0	0	0	0	0	0	0	1	0	0	0	0	0	0	0	0	0	0	0	0	0	0	0	0	0	0	0	0	0	0	0	0	0	0	0	
090014	00000000900140	KIWI S E 1 KG              		0	0062450	0	0	0	1	0	0	0	000	0	1	1	1	1	0	0	0	0	0	0	0	0	0	0	0	0	0	1	0	0	0	0	0	0	0	0	0	0	0	0	0	0	0	0	0	0	0	0	0	0	0	0	0	0	0	
090017	00000000900171	LIMON S E 1 KG TAITI       		0	0006900	0	0	0	1	0	0	0	000	0	1	1	1	1	0	0	0	0	0	0	0	0	0	0	0	0	0	1	0	0	0	0	0	0	0	0	0	0	0	0	0	0	0	0	0	0	0	0	0	0	0	0	0	0	0	
090019	00000000900195	POMELO S E 1 KG NACIONAL   		0	0004600	0	0	0	1	0	0	0	000	0	1	1	1	1	0	0	0	0	0	0	0	0	0	0	0	0	0	1	0	0	0	0	0	0	0	0	0	0	0	0	0	0	0	0	0	0	0	0	0	0	0	0	0	0	0	
090021	00000000900218	POMELO S E 1 KG ROJO       		0	0024450	0	0	0	1	0	0	0	000	0	1	1	1	1	0	0	0	0	0	0	0	0	0	0	0	0	0	1	0	0	0	0	0	0	0	0	0	0	0	0	0	0	0	0	0	0	0	0	0	0	0	0	0	0	0	
090024	00000000900249	MANDARINA S E 1 KG MURCOT  		0	0007200	0	0	0	1	0	0	0	000	0	1	1	1	1	0	0	0	0	0	0	0	0	0	0	0	0	0	1	0	0	0	0	0	0	0	0	0	0	0	0	0	0	0	0	0	0	0	0	0	0	0	0	0	0	0	
090025	00000000900256	GUAYABA S E 1 KG           		0	0028500	0	0	0	1	0	0	0	000	0	1	1	1	1	0	0	0	0	0	0	0	0	0	0	0	0	0	1	0	0	0	0	0	0	0	0	0	0	0	0	0	0	0	0	0	0	0	0	0	0	0	0	0	0	0	
090026	00000000900263	MANGO S E 1 KG BRAZIL      		0	0012400	0	0	0	1	0	0	0	000	0	1	1	1	1	0	0	0	0	0	0	0	0	0	0	0	0	0	1	0	0	0	0	0	0	0	0	0	0	0	0	0	0	0	0	0	0	0	0	0	0	0	0	0	0	0	
090027	00000000900270	MELON S E 1 KG BRASILERO   		0	0013550	0	0	0	1	0	0	0	000	0	1	1	1	1	0	0	0	0	0	0	0	0	0	0	0	0	0	1	0	0	0	0	0	0	0	0	0	0	0	0	0	0	0	0	0	0	0	0	0	0	0	0	0	0	0	
090028	00000000900287	PI A S E 1 KG BRASILERO    		0	0013550	0	0	0	1	0	0	0	000	0	1	1	1	1	0	0	0	0	0	0	0	0	0	0	0	0	0	1	0	0	0	0	0	0	0	0	0	0	0	0	0	0	0	0	0	0	0	0	0	0	0	0	0	0	0	
090029	00000000900294	PI A S E 1 KG NACIONAL     		0	0013700	0	0	0	1	0	0	0	000	0	1	1	1	1	0	0	0	0	0	0	0	0	0	0	0	0	0	1	0	0	0	0	0	0	0	0	0	0	0	0	0	0	0	0	0	0	0	0	0	0	0	0	0	0	0	
090030	00000000900300	SANDIA X KG                		0	0005750	0	0	0	1	0	0	0	000	0	1	1	1	1	0	0	0	0	0	0	0	0	0	0	0	0	0	1	0	0	0	0	0	0	0	0	0	0	0	0	0	0	0	0	0	0	0	0	0	0	0	0	0	0	0	
090031	00000000900317	AGUACATE X KG              		0	0033950	0	0	0	1	0	0	0	000	0	1	1	1	1	0	0	0	0	0	0	0	0	0	0	0	0	0	1	0	0	0	0	0	0	0	0	0	0	0	0	0	0	0	0	0	0	0	0	0	0	0	0	0	0	0	
090032	00000000900324	CARAMBOLA S E 1 KG         		0	0005450	0	0	0	1	0	0	0	000	0	1	1	1	1	0	0	0	0	0	0	0	0	0	0	0	0	0	1	0	0	0	0	0	0	0	0	0	0	0	0	0	0	0	0	0	0	0	0	0	0	0	0	0	0	0	
090033	00000000900331	MBURUCUYA S E 1 KG         		0	0023050	0	0	0	1	0	0	0	000	0	1	1	1	1	0	0	0	0	0	0	0	0	0	0	0	0	0	1	0	0	0	0	0	0	0	0	0	0	0	0	0	0	0	0	0	0	0	0	0	0	0	0	0	0	0	
090034	00000000900348	COCO S E 1 KG MARRON       		0	0017650	0	0	0	1	0	0	0	000	0	1	1	1	1	0	0	0	0	0	0	0	0	0	0	0	0	0	1	0	0	0	0	0	0	0	0	0	0	0	0	0	0	0	0	0	0	0	0	0	0	0	0	0	0	0	
090042	00000000900423	REPOLLO S E 1 KG BLANCO    		0	0007500	0	0	0	1	0	0	0	000	0	1	1	1	1	0	0	0	0	0	0	0	0	0	0	0	0	0	1	0	0	0	0	0	0	0	0	0	0	0	0	0	0	0	0	0	0	0	0	0	0	0	0	0	0	0	
090043	00000000900430	REPOLLO S E 1 KG MORADO    		0	0012800	0	0	0	1	0	0	0	000	0	1	1	1	1	0	0	0	0	0	0	0	0	0	0	0	0	0	1	0	0	0	0	0	0	0	0	0	0	0	0	0	0	0	0	0	0	0	0	0	0	0	0	0	0	0	
090044	00000000900447	PAPA BLANCA BRASIL S E X KG		0	0010500	0	0	0	1	0	0	0	000	0	1	1	1	1	0	0	0	0	0	0	0	0	0	0	0	0	0	1	0	0	0	0	0	0	0	0	0	0	0	0	0	0	0	0	0	0	0	0	0	0	0	0	0	0	0	
090047	00000000900478	MANDIOCA S E 1 KG          		0	0004950	0	0	0	1	0	0	0	000	0	1	1	1	1	0	0	0	0	0	0	0	0	0	0	0	0	0	1	0	0	0	0	0	0	0	0	0	0	0	0	0	0	0	0	0	0	0	0	0	0	0	0	0	0	0	
090048	00000000900485	TOMATE LISA S E 1 KG       		0	0013050	0	0	0	1	0	0	0	000	0	1	1	1	1	0	0	0	0	0	0	0	0	0	0	0	0	0	1	0	0	0	0	0	0	0	0	0	0	0	0	0	0	0	0	0	0	0	0	0	0	0	0	0	0	0	
090049	00000000900492	TOMATE S E 1 KG SANTA CRUZ 		0	0011300	0	0	0	1	0	0	0	000	0	1	1	1	1	0	0	0	0	0	0	0	0	0	0	0	0	0	1	0	0	0	0	0	0	0	0	0	0	0	0	0	0	0	0	0	0	0	0	0	0	0	0	0	0	0	
090050	00000000900508	LOCOTE S E 1 KG LILA       		0	0051550	0	0	0	1	0	0	0	000	0	1	1	1	1	0	0	0	0	0	0	0	0	0	0	0	0	0	1	0	0	0	0	0	0	0	0	0	0	0	0	0	0	0	0	0	0	0	0	0	0	0	0	0	0	0	
090051	00000000900515	LOCOTE ROJO S E  KG NACIONA		0	0013550	0	0	0	1	0	0	0	000	0	1	1	1	1	0	0	0	0	0	0	0	0	0	0	0	0	0	1	0	0	0	0	0	0	0	0	0	0	0	0	0	0	0	0	0	0	0	0	0	0	0	0	0	0	0	
090052	00000000900522	LOCOTE S E 1 KG VERDE      		0	0014950	0	0	0	1	0	0	0	000	0	1	1	1	1	0	0	0	0	0	0	0	0	0	0	0	0	0	1	0	0	0	0	0	0	0	0	0	0	0	0	0	0	0	0	0	0	0	0	0	0	0	0	0	0	0	
090053	00000000900539	LOCOTE S E 1 KG AMARILLO   		0	0027350	0	0	0	1	0	0	0	000	0	1	1	1	1	0	0	0	0	0	0	0	0	0	0	0	0	0	1	0	0	0	0	0	0	0	0	0	0	0	0	0	0	0	0	0	0	0	0	0	0	0	0	0	0	0	
090056	00000000900560	REMOLACHA S E 1 KG         		0	0009500	0	0	0	1	0	0	0	000	0	1	1	1	1	0	0	0	0	0	0	0	0	0	0	0	0	0	1	0	0	0	0	0	0	0	0	0	0	0	0	0	0	0	0	0	0	0	0	0	0	0	0	0	0	0	
090057	00000000900577	BERENJENA S E X KG         		0	0014300	0	0	0	1	0	0	0	000	0	1	1	1	1	0	0	0	0	0	0	0	0	0	0	0	0	0	1	0	0	0	0	0	0	0	0	0	0	0	0	0	0	0	0	0	0	0	0	0	0	0	0	0	0	0	
090058	00000000900584	CHUCHU S E 1 KG            		0	0010200	0	0	0	1	0	0	0	000	0	1	1	1	1	0	0	0	0	0	0	0	0	0	0	0	0	0	1	0	0	0	0	0	0	0	0	0	0	0	0	0	0	0	0	0	0	0	0	0	0	0	0	0	0	0	
090059	00000000900591	ARVEJA S E 1 KG            		0	0029800	0	0	0	1	0	0	0	000	0	1	1	1	1	0	0	0	0	0	0	0	0	0	0	0	0	0	1	0	0	0	0	0	0	0	0	0	0	0	0	0	0	0	0	0	0	0	0	0	0	0	0	0	0	0	
090060	00000000900607	BATATA S E 1 KG BLANCA     		0	0004950	0	0	0	1	0	0	0	000	0	1	1	1	1	0	0	0	0	0	0	0	0	0	0	0	0	0	1	0	0	0	0	0	0	0	0	0	0	0	0	0	0	0	0	0	0	0	0	0	0	0	0	0	0	0	
090061	00000000900614	BATATA S E 1 KG ROJA       		0	0003900	0	0	0	1	0	0	0	000	0	1	1	1	1	0	0	0	0	0	0	0	0	0	0	0	0	0	1	0	0	0	0	0	0	0	0	0	0	0	0	0	0	0	0	0	0	0	0	0	0	0	0	0	0	0	
090062	00000000900621	CALABACITA S E 1 KG BRAZIL 		0	0010850	0	0	0	1	0	0	0	000	0	1	1	1	1	0	0	0	0	0	0	0	0	0	0	0	0	0	1	0	0	0	0	0	0	0	0	0	0	0	0	0	0	0	0	0	0	0	0	0	0	0	0	0	0	0	
090063	00000000900638	PEPINO S E 1 KG NACIONAL   		0	0009100	0	0	0	1	0	0	0	000	0	1	1	1	1	0	0	0	0	0	0	0	0	0	0	0	0	0	1	0	0	0	0	0	0	0	0	0	0	0	0	0	0	0	0	0	0	0	0	0	0	0	0	0	0	0	
090064	00000000900645	CHOCLO S E 1 KG DESGRANADO 		0	0011950	0	0	0	1	0	0	0	000	0	1	1	1	1	0	0	0	0	0	0	0	0	0	0	0	0	0	1	0	0	0	0	0	0	0	0	0	0	0	0	0	0	0	0	0	0	0	0	0	0	0	0	0	0	0	
090065	00000000900652	ACELGA S E 1 KG JAPONES    		0	0016300	0	0	0	1	0	0	0	000	0	1	1	1	1	0	0	0	0	0	0	0	0	0	0	0	0	0	1	0	0	0	0	0	0	0	0	0	0	0	0	0	0	0	0	0	0	0	0	0	0	0	0	0	0	0	
090066	00000000900669	GENGIBRE S E 1 KG          		0	0021050	0	0	0	1	0	0	0	000	0	1	1	1	1	0	0	0	0	0	0	0	0	0	0	0	0	0	1	0	0	0	0	0	0	0	0	0	0	0	0	0	0	0	0	0	0	0	0	0	0	0	0	0	0	0	
090067	00000000900676	CHAUCHA S E 1 KG CORTA     		0	0027150	0	0	0	1	0	0	0	000	0	1	1	1	1	0	0	0	0	0	0	0	0	0	0	0	0	0	1	0	0	0	0	0	0	0	0	0	0	0	0	0	0	0	0	0	0	0	0	0	0	0	0	0	0	0	
090068	00000000900683	ZAPALLO S E 1 KG NACIONAL  		0	0004550	0	0	0	1	0	0	0	000	0	1	1	1	1	0	0	0	0	0	0	0	0	0	0	0	0	0	1	0	0	0	0	0	0	0	0	0	0	0	0	0	0	0	0	0	0	0	0	0	0	0	0	0	0	0	
090069	00000000900690	ZAPALLO S E 1 KG BRASILERO 		0	0005400	0	0	0	1	0	0	0	000	0	1	1	1	1	0	0	0	0	0	0	0	0	0	0	0	0	0	1	0	0	0	0	0	0	0	0	0	0	0	0	0	0	0	0	0	0	0	0	0	0	0	0	0	0	0	
090070	00000000900706	ZAPALLITO DE TRONCO X KG   		0	0008150	0	0	0	1	0	0	0	000	0	1	1	1	1	0	0	0	0	0	0	0	0	0	0	0	0	0	1	0	0	0	0	0	0	0	0	0	0	0	0	0	0	0	0	0	0	0	0	0	0	0	0	0	0	0	
090078	00000000900782	PAPA EN MALLA X KILO       		0	0007650	0	0	0	1	0	0	0	000	0	1	1	1	1	0	0	0	0	0	0	0	0	0	0	0	0	0	1	0	0	0	0	0	0	0	0	0	0	0	0	0	0	0	0	0	0	0	0	0	0	0	0	0	0	0	
090079	00000000900799	CEBOLLA EN MALLA MLL 1 KG A		0	0006900	0	0	0	1	0	0	0	000	0	1	1	1	1	0	0	0	0	0	0	0	0	0	0	0	0	0	1	0	0	0	0	0	0	0	0	0	0	0	0	0	0	0	0	0	0	0	0	0	0	0	0	0	0	0	
090082	00000000900829	CARNAZA BLANCA S E 1 KG    		0	0038250	0	0	0	1	0	0	0	000	0	1	1	1	1	0	0	0	0	0	0	0	0	0	0	0	0	0	1	0	0	0	0	0	0	0	0	0	0	0	0	0	0	0	0	0	0	0	0	0	0	0	0	0	0	0	
090083	00000000900836	CARNAZA DE 2DA   S E 1 KG  		0	0026950	0	0	0	1	0	0	0	000	0	1	1	1	1	0	0	0	0	0	0	0	0	0	0	0	0	0	1	0	0	0	0	0	0	0	0	0	0	0	0	0	0	0	0	0	0	0	0	0	0	0	0	0	0	0	
090085	00000000900850	CARNAZA MOLIDA DE 2DA  X KG		0	0024650	0	0	0	1	0	0	0	000	0	1	1	1	1	0	0	0	0	0	0	0	0	0	0	0	0	0	1	0	0	0	0	0	0	0	0	0	0	0	0	0	0	0	0	0	0	0	0	0	0	0	0	0	0	0	
090087	00000000900874	CARNAZA PALETA S E 1 KG    		0	0037950	0	0	0	1	0	0	0	000	0	1	1	1	1	0	0	0	0	0	0	0	0	0	0	0	0	0	1	0	0	0	0	0	0	0	0	0	0	0	0	0	0	0	0	0	0	0	0	0	0	0	0	0	0	0	
090129	00000000901291	HIGADO S E 1 KG            		0	0012950	0	0	0	1	0	0	0	000	0	1	1	1	1	0	0	0	0	0	0	0	0	0	0	0	0	0	1	0	0	0	0	0	0	0	0	0	0	0	0	0	0	0	0	0	0	0	0	0	0	0	0	0	0	0	
090130	00000000901307	MONDONGO S E 1 KG          		0	0014950	0	0	0	1	0	0	0	000	0	1	1	1	1	0	0	0	0	0	0	0	0	0	0	0	0	0	1	0	0	0	0	0	0	0	0	0	0	0	0	0	0	0	0	0	0	0	0	0	0	0	0	0	0	0	
090134	00000000901345	PALETA DE CERDO S E 1 KG   		0	0017950	0	0	0	1	0	0	0	000	0	1	1	1	1	0	0	0	0	0	0	0	0	0	0	0	0	0	1	0	0	0	0	0	0	0	0	0	0	0	0	0	0	0	0	0	0	0	0	0	0	0	0	0	0	0	
090135	00000000901352	PIERNA DE CERDO S E 1 KG   		0	0018450	0	0	0	1	0	0	0	000	0	1	1	1	1	0	0	0	0	0	0	0	0	0	0	0	0	0	1	0	0	0	0	0	0	0	0	0	0	0	0	0	0	0	0	0	0	0	0	0	0	0	0	0	0	0	
090136	00000000901369	COSTELETA DE CERDO S E 1 KG		0	0021450	0	0	0	1	0	0	0	000	0	1	1	1	1	0	0	0	0	0	0	0	0	0	0	0	0	0	1	0	0	0	0	0	0	0	0	0	0	0	0	0	0	0	0	0	0	0	0	0	0	0	0	0	0	0	
090304	00000000903042	PERA S E 1 KG ROJA         		0	0033300	0	0	0	1	0	0	0	000	0	1	1	1	1	0	0	0	0	0	0	0	0	0	0	0	0	0	1	0	0	0	0	0	0	0	0	0	0	0	0	0	0	0	0	0	0	0	0	0	0	0	0	0	0	0	
090305	00000000903059	NARANJA S E X KG           		0	0005400	0	0	0	1	0	0	0	000	0	1	1	1	1	0	0	0	0	0	0	0	0	0	0	0	0	0	1	0	0	0	0	0	0	0	0	0	0	0	0	0	0	0	0	0	0	0	0	0	0	0	0	0	0	0	
090306	00000000903066	LIMON S E 1 KG EURECA      		0	0023050	0	0	0	1	0	0	0	000	0	1	1	1	1	0	0	0	0	0	0	0	0	0	0	0	0	0	1	0	0	0	0	0	0	0	0	0	0	0	0	0	0	0	0	0	0	0	0	0	0	0	0	0	0	0	
090310	00000000903103	DAMASCO IMPORTADA          		0	0095000	0	0	0	1	0	0	0	000	0	1	1	1	1	0	0	0	0	0	0	0	0	0	0	0	0	0	1	0	0	0	0	0	0	0	0	0	0	0	0	0	0	0	0	0	0	0	0	0	0	0	0	0	0	0	
090311	00000000903110	KIABO S E 1 KG             		0	0038000	0	0	0	1	0	0	0	000	0	1	1	1	1	0	0	0	0	0	0	0	0	0	0	0	0	0	1	0	0	0	0	0	0	0	0	0	0	0	0	0	0	0	0	0	0	0	0	0	0	0	0	0	0	0	
