011006	00000000110068	COLIFLOR S E 1 KG SUPER    		0	0019950	0	0	0	1	0	0	0	000	0	1	1	1	1	0	0	0	0	0	0	0	0	0	0	0	0	0	1	0	0	0	0	0	0	0	0	0	0	0	0	0	0	0	0	0	0	0	0	0	0	0	0	0	0	0	
011007	00000000110075	LECHUGA S E 1 KG REPOLLADA 		0	0015950	0	0	0	1	0	0	0	000	0	1	1	1	1	0	0	0	0	0	0	0	0	0	0	0	0	0	1	0	0	0	0	0	0	0	0	0	0	0	0	0	0	0	0	0	0	0	0	0	0	0	0	0	0	0	
011209	00000000112093	UVA S E 1 KG BLANCA BRASIL 		0	0023950	0	0	0	1	0	0	0	000	0	1	1	1	1	0	0	0	0	0	0	0	0	0	0	0	0	0	1	0	0	0	0	0	0	0	0	0	0	0	0	0	0	0	0	0	0	0	0	0	0	0	0	0	0	0	
011216	00000000112161	MELON S E 1 KG NACIONAL    		0	0005950	0	0	0	1	0	0	0	000	0	1	1	1	1	0	0	0	0	0	0	0	0	0	0	0	0	0	1	0	0	0	0	0	0	0	0	0	0	0	0	0	0	0	0	0	0	0	0	0	0	0	0	0	0	0	
011217	00000000112178	MELON S E 1 KG JAPONESA    		0	0007950	0	0	0	1	0	0	0	000	0	1	1	1	1	0	0	0	0	0	0	0	0	0	0	0	0	0	1	0	0	0	0	0	0	0	0	0	0	0	0	0	0	0	0	0	0	0	0	0	0	0	0	0	0	0	
011224	00000000112246	DURAZNO NACIONAL S E 1 KG  		0	0014950	0	0	0	1	0	0	0	000	0	1	1	1	1	0	0	0	0	0	0	0	0	0	0	0	0	0	1	0	0	0	0	0	0	0	0	0	0	0	0	0	0	0	0	0	0	0	0	0	0	0	0	0	0	0	
011226	00000000112260	DURAZNO S E 1 KG ARGENTINA 		0	0029950	0	0	0	1	0	0	0	000	0	1	1	1	1	0	0	0	0	0	0	0	0	0	0	0	0	0	1	0	0	0	0	0	0	0	0	0	0	0	0	0	0	0	0	0	0	0	0	0	0	0	0	0	0	0	
011231	00000000112314	FRUTILLA S E NACIONAL X KG 		0	0029950	0	0	0	1	0	0	0	000	0	1	1	1	1	0	0	0	0	0	0	0	0	0	0	0	0	0	1	0	0	0	0	0	0	0	0	0	0	0	0	0	0	0	0	0	0	0	0	0	0	0	0	0	0	0	
011238	00000000112383	UVA EN BANDEJA BJA 1 KG NEG		0	0028650	0	0	0	1	0	0	0	000	0	1	1	1	1	0	0	0	0	0	0	0	0	0	0	0	0	0	1	0	0	0	0	0	0	0	0	0	0	0	0	0	0	0	0	0	0	0	0	0	0	0	0	0	0	0	
011240	00000000112406	PERA DE AGUA EXTRA EN BANDE		0	0010250	0	0	0	1	0	0	0	000	0	1	1	1	1	0	0	0	0	0	0	0	0	0	0	0	0	0	1	0	0	0	0	0	0	0	0	0	0	0	0	0	0	0	0	0	0	0	0	0	0	0	0	0	0	0	
011247	00000000112475	UVA EN BANDEJA BJA 1 KG BLA		0	0026800	0	0	0	1	0	0	0	000	0	1	1	1	1	0	0	0	0	0	0	0	0	0	0	0	0	0	1	0	0	0	0	0	0	0	0	0	0	0	0	0	0	0	0	0	0	0	0	0	0	0	0	0	0	0	
011254	00000000112543	LIMON EN BANDEJA BJA 1 KG T		0	0007950	0	0	0	1	0	0	0	000	0	1	1	1	1	0	0	0	0	0	0	0	0	0	0	0	0	0	1	0	0	0	0	0	0	0	0	0	0	0	0	0	0	0	0	0	0	0	0	0	0	0	0	0	0	0	
011263	00000000112635	MANDARINA EN BANDEJA BJA 1 		0	0007950	0	0	0	1	0	0	0	000	0	1	1	1	1	0	0	0	0	0	0	0	0	0	0	0	0	0	1	0	0	0	0	0	0	0	0	0	0	0	0	0	0	0	0	0	0	0	0	0	0	0	0	0	0	0	
011265	00000000112659	CIRUELA ARGENTINA BJA 1 KG 		0	0030950	0	0	0	1	0	0	0	000	0	1	1	1	1	0	0	0	0	0	0	0	0	0	0	0	0	0	1	0	0	0	0	0	0	0	0	0	0	0	0	0	0	0	0	0	0	0	0	0	0	0	0	0	0	0	
011269	00000000112697	PELON EN BANDEJA BJA 1 KG A		0	0041900	0	0	0	1	0	0	0	000	0	1	1	1	1	0	0	0	0	0	0	0	0	0	0	0	0	0	1	0	0	0	0	0	0	0	0	0	0	0	0	0	0	0	0	0	0	0	0	0	0	0	0	0	0	0	
011294	00000000112949	AJI S E 1 KG ROJO          		0	0025000	0	0	0	1	0	0	0	000	0	1	1	1	1	0	0	0	0	0	0	0	0	0	0	0	0	0	1	0	0	0	0	0	0	0	0	0	0	0	0	0	0	0	0	0	0	0	0	0	0	0	0	0	0	0	
011356	00000000113564	ALBAHACA S E 1 UN MORADA   		0	0001550	0	0	1	1	0	0	0	000	0	1	1	1	1	0	0	0	0	0	0	0	0	0	0	0	0	0	1	0	0	0	0	0	0	0	0	0	0	0	0	0	0	0	0	0	0	0	0	0	0	0	0	0	0	0	
011378	00000000113786	ZAPALLITO S E 1 KG ITALIANO		0	0009950	0	0	0	1	0	0	0	000	0	1	1	1	1	0	0	0	0	0	0	0	0	0	0	0	0	0	1	0	0	0	0	0	0	0	0	0	0	0	0	0	0	0	0	0	0	0	0	0	0	0	0	0	0	0	
011382	00000000113823	TOMATE SANTA CRUZ EXTRA EN 		0	0011400	0	0	0	1	0	0	0	000	0	1	1	1	1	0	0	0	0	0	0	0	0	0	0	0	0	0	1	0	0	0	0	0	0	0	0	0	0	0	0	0	0	0	0	0	0	0	0	0	0	0	0	0	0	0	
011395	00000000113953	BERENJENA EN BANDEJA BJA 1 		0	0011400	0	0	0	1	0	0	0	000	0	1	1	1	1	0	0	0	0	0	0	0	0	0	0	0	0	0	1	0	0	0	0	0	0	0	0	0	0	0	0	0	0	0	0	0	0	0	0	0	0	0	0	0	0	0	
011397	00000000113977	ZAPALLITO EN BANDEJA BJA 1 		0	0011400	0	0	0	1	0	0	0	000	0	1	1	1	1	0	0	0	0	0	0	0	0	0	0	0	0	0	1	0	0	0	0	0	0	0	0	0	0	0	0	0	0	0	0	0	0	0	0	0	0	0	0	0	0	0	
011398	00000000113984	ZAPALLITO EN BANDEJA BJA 1 		0	0011400	0	0	0	1	0	0	0	000	0	1	1	1	1	0	0	0	0	0	0	0	0	0	0	0	0	0	1	0	0	0	0	0	0	0	0	0	0	0	0	0	0	0	0	0	0	0	0	0	0	0	0	0	0	0	
011400	00000000114004	PEPINO EN BANDEJA BJA 1 KG 		0	0007950	0	0	0	1	0	0	0	000	0	1	1	1	1	0	0	0	0	0	0	0	0	0	0	0	0	0	1	0	0	0	0	0	0	0	0	0	0	0	0	0	0	0	0	0	0	0	0	0	0	0	0	0	0	0	
011401	00000000114011	CEBOLLA DE CABEZA EN BANDEJ		0	0005900	0	0	0	1	0	0	0	000	0	1	1	1	1	0	0	0	0	0	0	0	0	0	0	0	0	0	1	0	0	0	0	0	0	0	0	0	0	0	0	0	0	0	0	0	0	0	0	0	0	0	0	0	0	0	
011402	00000000114028	REMOLACHA EXTRA EN BANDEJA 		0	0008600	0	0	0	1	0	0	0	000	0	1	1	1	1	0	0	0	0	0	0	0	0	0	0	0	0	0	1	0	0	0	0	0	0	0	0	0	0	0	0	0	0	0	0	0	0	0	0	0	0	0	0	0	0	0	
011452	00000000114523	REPOLLO EN BANDEJA BJA 1 KG		0	0006800	0	0	0	1	0	0	0	000	0	1	1	1	1	0	0	0	0	0	0	0	0	0	0	0	0	0	1	0	0	0	0	0	0	0	0	0	0	0	0	0	0	0	0	0	0	0	0	0	0	0	0	0	0	0	
011453	00000000114530	CEBOLLA DE CABEZA S E  KG R		0	0009950	0	0	0	1	0	0	0	000	0	1	1	1	1	0	0	0	0	0	0	0	0	0	0	0	0	0	1	0	0	0	0	0	0	0	0	0	0	0	0	0	0	0	0	0	0	0	0	0	0	0	0	0	0	0	
011454	00000000114547	CEBOLLA X KG               		0	0004950	0	0	0	1	0	0	0	000	0	1	1	1	1	0	0	0	0	0	0	0	0	0	0	0	0	0	1	0	0	0	0	0	0	0	0	0	0	0	0	0	0	0	0	0	0	0	0	0	0	0	0	0	0	0	
011694	00000000116947	ALA ENT FRESCA KZERO KG GRA		0	0019100	0	0	0	1	0	0	0	000	0	1	1	1	1	0	0	0	0	0	0	0	0	0	0	0	0	0	1	0	0	0	0	0	0	0	0	0	0	0	0	0	0	0	0	0	0	0	0	0	0	0	0	0	0	0	
011695	00000000116954	ALA ENT FRESCA KZERO KG BJA		0	0022900	0	0	0	1	0	0	0	000	0	1	1	1	1	0	0	0	0	0	0	0	0	0	0	0	0	0	1	0	0	0	0	0	0	0	0	0	0	0	0	0	0	0	0	0	0	0	0	0	0	0	0	0	0	0	
012687	00000000126878	ZANAHORIA DE 1RA S E KG    		0	0007950	0	0	0	1	0	0	0	000	0	1	1	1	1	0	0	0	0	0	0	0	0	0	0	0	0	0	1	0	0	0	0	0	0	0	0	0	0	0	0	0	0	0	0	0	0	0	0	0	0	0	0	0	0	0	
012958	00000000129589	CEBOLLA DE CABEZA S E 1 KG 		0	0005100	0	0	0	1	0	0	0	000	0	1	1	1	1	0	0	0	0	0	0	0	0	0	0	0	0	0	1	0	0	0	0	0	0	0	0	0	0	0	0	0	0	0	0	0	0	0	0	0	0	0	0	0	0	0	
013761	00000000137614	NARANJA IMPORTADA X KG     		0	0005950	0	0	0	1	0	0	0	000	0	1	1	1	1	0	0	0	0	0	0	0	0	0	0	0	0	0	1	0	0	0	0	0	0	0	0	0	0	0	0	0	0	0	0	0	0	0	0	0	0	0	0	0	0	0	
015934	00000000159340	CALABAZA S E 1 KG          		0	0002950	0	0	0	1	0	0	0	000	0	1	1	1	1	0	0	0	0	0	0	0	0	0	0	0	0	0	1	0	0	0	0	0	0	0	0	0	0	0	0	0	0	0	0	0	0	0	0	0	0	0	0	0	0	0	
016293	00000000162937	UVA S E ROSADO IMPORT X KL 		0	0022950	0	0	0	1	0	0	0	000	0	1	1	1	1	0	0	0	0	0	0	0	0	0	0	0	0	0	1	0	0	0	0	0	0	0	0	0	0	0	0	0	0	0	0	0	0	0	0	0	0	0	0	0	0	0	
016302	00000000163026	SANDIA IMPORTADA S E X KG  		0	0004950	0	0	0	1	0	0	0	000	0	1	1	1	1	0	0	0	0	0	0	0	0	0	0	0	0	0	1	0	0	0	0	0	0	0	0	0	0	0	0	0	0	0	0	0	0	0	0	0	0	0	0	0	0	0	
019169	00000000191692	MANZANA COLEGIALA ECONOMICA		0	0008950	0	0	0	1	0	0	0	000	0	1	1	1	1	0	0	0	0	0	0	0	0	0	0	0	0	0	1	0	0	0	0	0	0	0	0	0	0	0	0	0	0	0	0	0	0	0	0	0	0	0	0	0	0	0	
019182	00000000191821	NARANJA ECONOMICA X KG     		0	0004950	0	0	0	1	0	0	0	000	0	1	1	1	1	0	0	0	0	0	0	0	0	0	0	0	0	0	1	0	0	0	0	0	0	0	0	0	0	0	0	0	0	0	0	0	0	0	0	0	0	0	0	0	0	0	
019315	00000000193153	ACELGA  X MAZO             		0	0003900	0	0	1	1	0	0	0	000	0	1	1	1	1	0	0	0	0	0	0	0	0	0	0	0	0	0	1	0	0	0	0	0	0	0	0	0	0	0	0	0	0	0	0	0	0	0	0	0	0	0	0	0	0	0	
019316	00000000193160	ACELGA CHINA  X MAZO       		0	0002850	0	0	1	1	0	0	0	000	0	1	1	1	1	0	0	0	0	0	0	0	0	0	0	0	0	0	1	0	0	0	0	0	0	0	0	0	0	0	0	0	0	0	0	0	0	0	0	0	0	0	0	0	0	0	
019318	00000000193184	ALBAHACA VERDE  HOJA X MAZO		0	0002100	0	0	1	1	0	0	0	000	0	1	1	1	1	0	0	0	0	0	0	0	0	0	0	0	0	0	1	0	0	0	0	0	0	0	0	0	0	0	0	0	0	0	0	0	0	0	0	0	0	0	0	0	0	0	
019319	00000000193191	ACHICORIA BLANCA X MAZO    		0	0001050	0	0	1	1	0	0	0	000	0	1	1	1	1	0	0	0	0	0	0	0	0	0	0	0	0	0	1	0	0	0	0	0	0	0	0	0	0	0	0	0	0	0	0	0	0	0	0	0	0	0	0	0	0	0	
019321	00000000193214	BERRO  X MAZO              		0	0003600	0	0	1	1	0	0	0	000	0	1	1	1	1	0	0	0	0	0	0	0	0	0	0	0	0	0	1	0	0	0	0	0	0	0	0	0	0	0	0	0	0	0	0	0	0	0	0	0	0	0	0	0	0	0	
019323	00000000193238	CEBOLLITA DE HOJA X UN     		0	0001050	0	0	1	1	0	0	0	000	0	1	1	1	1	0	0	0	0	0	0	0	0	0	0	0	0	0	1	0	0	0	0	0	0	0	0	0	0	0	0	0	0	0	0	0	0	0	0	0	0	0	0	0	0	0	
019324	00000000193245	CEBOLLA DE CABEZA CON HOJA 		0	0005100	0	0	1	1	0	0	0	000	0	1	1	1	1	0	0	0	0	0	0	0	0	0	0	0	0	0	1	0	0	0	0	0	0	0	0	0	0	0	0	0	0	0	0	0	0	0	0	0	0	0	0	0	0	0	
019326	00000000193269	COLINABO  X UN             		0	0003800	0	0	1	1	0	0	0	000	0	1	1	1	1	0	0	0	0	0	0	0	0	0	0	0	0	0	1	0	0	0	0	0	0	0	0	0	0	0	0	0	0	0	0	0	0	0	0	0	0	0	0	0	0	0	
019327	00000000193276	ESCAROLA  X UN             		0	0001900	0	0	1	1	0	0	0	000	0	1	1	1	1	0	0	0	0	0	0	0	0	0	0	0	0	0	1	0	0	0	0	0	0	0	0	0	0	0	0	0	0	0	0	0	0	0	0	0	0	0	0	0	0	0	
019328	00000000193283	ESPINACA BLANCA X UN       		0	0003100	0	0	1	1	0	0	0	000	0	1	1	1	1	0	0	0	0	0	0	0	0	0	0	0	0	0	1	0	0	0	0	0	0	0	0	0	0	0	0	0	0	0	0	0	0	0	0	0	0	0	0	0	0	0	
019329	00000000193290	ESPINACA NEGRA X UN        		0	0002300	0	0	1	1	0	0	0	000	0	1	1	1	1	0	0	0	0	0	0	0	0	0	0	0	0	0	1	0	0	0	0	0	0	0	0	0	0	0	0	0	0	0	0	0	0	0	0	0	0	0	0	0	0	0	
019330	00000000193306	HINOJO  X UN               		0	0005050	0	0	1	1	0	0	0	000	0	1	1	1	1	0	0	0	0	0	0	0	0	0	0	0	0	0	1	0	0	0	0	0	0	0	0	0	0	0	0	0	0	0	0	0	0	0	0	0	0	0	0	0	0	0	
019331	00000000193313	KOBE  X MZ                 		0	0001650	0	0	1	1	0	0	0	000	0	1	1	1	1	0	0	0	0	0	0	0	0	0	0	0	0	0	1	0	0	0	0	0	0	0	0	0	0	0	0	0	0	0	0	0	0	0	0	0	0	0	0	0	0	0	
019332	00000000193320	KURATU  X MAZO             		0	0002950	0	0	1	1	0	0	0	000	0	1	1	1	1	0	0	0	0	0	0	0	0	0	0	0	0	0	1	0	0	0	0	0	0	0	0	0	0	0	0	0	0	0	0	0	0	0	0	0	0	0	0	0	0	0	
019333	00000000193337	LAUREL  X  UNIDAD          		0	0000950	0	0	1	1	0	0	0	000	0	1	1	1	1	0	0	0	0	0	0	0	0	0	0	0	0	0	1	0	0	0	0	0	0	0	0	0	0	0	0	0	0	0	0	0	0	0	0	0	0	0	0	0	0	0	
019334	00000000193344	LECHUGA BLANCA  X UN       		0	0007550	0	0	1	1	0	0	0	000	0	1	1	1	1	0	0	0	0	0	0	0	0	0	0	0	0	0	1	0	0	0	0	0	0	0	0	0	0	0	0	0	0	0	0	0	0	0	0	0	0	0	0	0	0	0	
019335	00000000193351	LECHUGA  PIRATI X MZ       		0	0006350	0	0	1	1	0	0	0	000	0	1	1	1	1	0	0	0	0	0	0	0	0	0	0	0	0	0	1	0	0	0	0	0	0	0	0	0	0	0	0	0	0	0	0	0	0	0	0	0	0	0	0	0	0	0	
019336	00000000193368	LECHUGA CRIOLLA  X UN      		0	0007550	0	0	1	1	0	0	0	000	0	1	1	1	1	0	0	0	0	0	0	0	0	0	0	0	0	0	1	0	0	0	0	0	0	0	0	0	0	0	0	0	0	0	0	0	0	0	0	0	0	0	0	0	0	0	
019337	00000000193375	LECHUGA MANTECOSA X UN     		0	0007550	0	0	1	1	0	0	0	000	0	1	1	1	1	0	0	0	0	0	0	0	0	0	0	0	0	0	1	0	0	0	0	0	0	0	0	0	0	0	0	0	0	0	0	0	0	0	0	0	0	0	0	0	0	0	
019338	00000000193382	LECHUGA MIMOSA MORADA      		0	0007550	0	0	1	1	0	0	0	000	0	1	1	1	1	0	0	0	0	0	0	0	0	0	0	0	0	0	1	0	0	0	0	0	0	0	0	0	0	0	0	0	0	0	0	0	0	0	0	0	0	0	0	0	0	0	
019339	00000000193399	LECHUGA MIMOSA VERDE X UN  		0	0007550	0	0	1	1	0	0	0	000	0	1	1	1	1	0	0	0	0	0	0	0	0	0	0	0	0	0	1	0	0	0	0	0	0	0	0	0	0	0	0	0	0	0	0	0	0	0	0	0	0	0	0	0	0	0	
019341	00000000193412	NABO X UNIDAD              		0	0002550	0	0	1	1	0	0	0	000	0	1	1	1	1	0	0	0	0	0	0	0	0	0	0	0	0	0	1	0	0	0	0	0	0	0	0	0	0	0	0	0	0	0	0	0	0	0	0	0	0	0	0	0	0	0	
019342	00000000193429	OREGANO  X  UN             		0	0000950	0	0	1	1	0	0	0	000	0	1	1	1	1	0	0	0	0	0	0	0	0	0	0	0	0	0	1	0	0	0	0	0	0	0	0	0	0	0	0	0	0	0	0	0	0	0	0	0	0	0	0	0	0	0	
019343	00000000193436	PEREJIL  X UN              		0	0000900	0	0	1	1	0	0	0	000	0	1	1	1	1	0	0	0	0	0	0	0	0	0	0	0	0	0	1	0	0	0	0	0	0	0	0	0	0	0	0	0	0	0	0	0	0	0	0	0	0	0	0	0	0	0	
019344	00000000193443	PEREJIL JAPONES  X UN      		0	0002300	0	0	1	1	0	0	0	000	0	1	1	1	1	0	0	0	0	0	0	0	0	0	0	0	0	0	1	0	0	0	0	0	0	0	0	0	0	0	0	0	0	0	0	0	0	0	0	0	0	0	0	0	0	0	
019345	00000000193450	RABANITO  X UN             		0	0003800	0	0	1	1	0	0	0	000	0	1	1	1	1	0	0	0	0	0	0	0	0	0	0	0	0	0	1	0	0	0	0	0	0	0	0	0	0	0	0	0	0	0	0	0	0	0	0	0	0	0	0	0	0	0	
019347	00000000193474	REMOLACHA CON HOJAS X UN   		0	0005700	0	0	1	1	0	0	0	000	0	1	1	1	1	0	0	0	0	0	0	0	0	0	0	0	0	0	1	0	0	0	0	0	0	0	0	0	0	0	0	0	0	0	0	0	0	0	0	0	0	0	0	0	0	0	
019351	00000000193511	ZANAHORIA CON HOJAS X  UN  		0	0005700	0	0	1	1	0	0	0	000	0	1	1	1	1	0	0	0	0	0	0	0	0	0	0	0	0	0	1	0	0	0	0	0	0	0	0	0	0	0	0	0	0	0	0	0	0	0	0	0	0	0	0	0	0	0	
019365	00000000193658	REMEDIO REFRESCANTE X UNIDA		0	0000950	0	0	1	1	0	0	0	000	0	1	1	1	1	0	0	0	0	0	0	0	0	0	0	0	0	0	1	0	0	0	0	0	0	0	0	0	0	0	0	0	0	0	0	0	0	0	0	0	0	0	0	0	0	0	
019366	00000000193665	RUCULA X UNIDAD            		0	0002900	0	0	1	1	0	0	0	000	0	1	1	1	1	0	0	0	0	0	0	0	0	0	0	0	0	0	1	0	0	0	0	0	0	0	0	0	0	0	0	0	0	0	0	0	0	0	0	0	0	0	0	0	0	0	
019367	00000000193672	TOMILLO  X UNIDAD          		0	0002600	0	0	1	1	0	0	0	000	0	1	1	1	1	0	0	0	0	0	0	0	0	0	0	0	0	0	1	0	0	0	0	0	0	0	0	0	0	0	0	0	0	0	0	0	0	0	0	0	0	0	0	0	0	0	
019374	00000000193740	PERA ECONOMICA X KG        		0	0006950	0	0	0	1	0	0	0	000	0	1	1	1	1	0	0	0	0	0	0	0	0	0	0	0	0	0	1	0	0	0	0	0	0	0	0	0	0	0	0	0	0	0	0	0	0	0	0	0	0	0	0	0	0	0	
019430	00000000194303	PAPA BLANCA EN MALLA X KL  		0	0006800	0	0	0	1	0	0	0	000	0	1	1	1	1	0	0	0	0	0	0	0	0	0	0	0	0	0	1	0	0	0	0	0	0	0	0	0	0	0	0	0	0	0	0	0	0	0	0	0	0	0	0	0	0	0	
019463	00000000194631	APIO NAC X UN              		0	0003250	0	0	1	1	0	0	0	000	0	1	1	1	1	0	0	0	0	0	0	0	0	0	0	0	0	0	1	0	0	0	0	0	0	0	0	0	0	0	0	0	0	0	0	0	0	0	0	0	0	0	0	0	0	0	
019464	00000000194648	PUERRO X UND               		0	0002550	0	0	1	1	0	0	0	000	0	1	1	1	1	0	0	0	0	0	0	0	0	0	0	0	0	0	1	0	0	0	0	0	0	0	0	0	0	0	0	0	0	0	0	0	0	0	0	0	0	0	0	0	0	0	
019465	00000000194655	ROMERO X MAZO              		0	0001950	0	0	1	1	0	0	0	000	0	1	1	1	1	0	0	0	0	0	0	0	0	0	0	0	0	0	1	0	0	0	0	0	0	0	0	0	0	0	0	0	0	0	0	0	0	0	0	0	0	0	0	0	0	0	
019467	00000000194679	TOMATE CHERRY  X KG        		0	0025950	0	0	0	1	0	0	0	000	0	1	1	1	1	0	0	0	0	0	0	0	0	0	0	0	0	0	1	0	0	0	0	0	0	0	0	0	0	0	0	0	0	0	0	0	0	0	0	0	0	0	0	0	0	0	
019510	00000000195102	MAMON NACIONAL S E 1 KG    		0	0006950	0	0	0	1	0	0	0	000	0	1	1	1	1	0	0	0	0	0	0	0	0	0	0	0	0	0	1	0	0	0	0	0	0	0	0	0	0	0	0	0	0	0	0	0	0	0	0	0	0	0	0	0	0	0	
019513	00000000195133	MANDARINA IMPORTADA 1 KG   		0	0006950	0	0	0	1	0	0	0	000	0	1	1	1	1	0	0	0	0	0	0	0	0	0	0	0	0	0	1	0	0	0	0	0	0	0	0	0	0	0	0	0	0	0	0	0	0	0	0	0	0	0	0	0	0	0	
019557	00000000195577	AGUACATE NACIONAL X KG     		0	0009950	0	0	0	1	0	0	0	000	0	1	1	1	1	0	0	0	0	0	0	0	0	0	0	0	0	0	1	0	0	0	0	0	0	0	0	0	0	0	0	0	0	0	0	0	0	0	0	0	0	0	0	0	0	0	
019561	00000000195614	BROCOLI  X UN              		0	0009950	0	0	1	1	0	0	0	000	0	1	1	1	1	0	0	0	0	0	0	0	0	0	0	0	0	0	1	0	0	0	0	0	0	0	0	0	0	0	0	0	0	0	0	0	0	0	0	0	0	0	0	0	0	0	
019605	00000000196055	MANDARINA NACIONAL X KG    		0	0006950	0	0	0	1	0	0	0	000	0	1	1	1	1	0	0	0	0	0	0	0	0	0	0	0	0	0	1	0	0	0	0	0	0	0	0	0	0	0	0	0	0	0	0	0	0	0	0	0	0	0	0	0	0	0	
019780	00000000197809	CIOBOULLETTE  X MAZO       		0	0002550	0	0	1	1	0	0	0	000	0	1	1	1	1	0	0	0	0	0	0	0	0	0	0	0	0	0	1	0	0	0	0	0	0	0	0	0	0	0	0	0	0	0	0	0	0	0	0	0	0	0	0	0	0	0	
019965	00000000199650	MANDARINA X KG             		0	0006950	0	0	0	1	0	0	0	000	0	1	1	1	1	0	0	0	0	0	0	0	0	0	0	0	0	0	1	0	0	0	0	0	0	0	0	0	0	0	0	0	0	0	0	0	0	0	0	0	0	0	0	0	0	0	
020475	00000000204750	TOMATE PERITA O STA CRUZ EC		0	0008950	0	0	0	1	0	0	0	000	0	1	1	1	1	0	0	0	0	0	0	0	0	0	0	0	0	0	1	0	0	0	0	0	0	0	0	0	0	0	0	0	0	0	0	0	0	0	0	0	0	0	0	0	0	0	
020521	00000000205214	PAPA ECONOMICA X KG        		0	0004250	0	0	0	1	0	0	0	000	0	1	1	1	1	0	0	0	0	0	0	0	0	0	0	0	0	0	1	0	0	0	0	0	0	0	0	0	0	0	0	0	0	0	0	0	0	0	0	0	0	0	0	0	0	0	
021287	00000000212878	UVA RED GLOBE X KG         		0	0024950	0	0	0	1	0	0	0	000	0	1	1	1	1	0	0	0	0	0	0	0	0	0	0	0	0	0	1	0	0	0	0	0	0	0	0	0	0	0	0	0	0	0	0	0	0	0	0	0	0	0	0	0	0	0	
022050	00000000220507	BANANA KARAPE ECONOMICA X K		0	0005500	0	0	0	1	0	0	0	000	0	1	1	1	1	0	0	0	0	0	0	0	0	0	0	0	0	0	1	0	0	0	0	0	0	0	0	0	0	0	0	0	0	0	0	0	0	0	0	0	0	0	0	0	0	0	
022666	00000000226660	LIMON JAPONES              		0	0006950	0	0	0	1	0	0	0	000	0	1	1	1	1	0	0	0	0	0	0	0	0	0	0	0	0	0	1	0	0	0	0	0	0	0	0	0	0	0	0	0	0	0	0	0	0	0	0	0	0	0	0	0	0	0	
023025	00000000230254	CHAUCHA  X MAZO            		0	0003150	0	0	1	1	0	0	0	000	0	1	1	1	1	0	0	0	0	0	0	0	0	0	0	0	0	0	1	0	0	0	0	0	0	0	0	0	0	0	0	0	0	0	0	0	0	0	0	0	0	0	0	0	0	0	
023028	00000000230285	RUDA X MAZO                		0	0001950	0	0	1	1	0	0	0	000	0	1	1	1	1	0	0	0	0	0	0	0	0	0	0	0	0	0	1	0	0	0	0	0	0	0	0	0	0	0	0	0	0	0	0	0	0	0	0	0	0	0	0	0	0	0	
023711	00000000237116	BATATA ROJA BRASIL 1KG     		0	0006950	0	0	0	1	0	0	0	000	0	1	1	1	1	0	0	0	0	0	0	0	0	0	0	0	0	0	1	0	0	0	0	0	0	0	0	0	0	0	0	0	0	0	0	0	0	0	0	0	0	0	0	0	0	0	
023739	00000000237390	NARANJA MALLA BRASIL 1KG   		0	0006800	0	0	0	1	0	0	0	000	0	1	1	1	1	0	0	0	0	0	0	0	0	0	0	0	0	0	1	0	0	0	0	0	0	0	0	0	0	0	0	0	0	0	0	0	0	0	0	0	0	0	0	0	0	0	
023765	00000000237659	DURAZNO ARG BJA X KG S E   		0	0035900	0	0	0	1	0	0	0	000	0	1	1	1	1	0	0	0	0	0	0	0	0	0	0	0	0	0	1	0	0	0	0	0	0	0	0	0	0	0	0	0	0	0	0	0	0	0	0	0	0	0	0	0	0	0	
023767	00000000237673	KIWI BJA X KG S E          		0	0045900	0	0	0	1	0	0	0	000	0	1	1	1	1	0	0	0	0	0	0	0	0	0	0	0	0	0	1	0	0	0	0	0	0	0	0	0	0	0	0	0	0	0	0	0	0	0	0	0	0	0	0	0	0	0	
023771	00000000237710	NARANJA NAC   BJA  X KG S E		0	0006800	0	0	0	1	0	0	0	000	0	1	1	1	1	0	0	0	0	0	0	0	0	0	0	0	0	0	1	0	0	0	0	0	0	0	0	0	0	0	0	0	0	0	0	0	0	0	0	0	0	0	0	0	0	0	
023773	00000000237734	MAMON GRANDE BJA X KG S E  		0	0016000	0	0	0	1	0	0	0	000	0	1	1	1	1	0	0	0	0	0	0	0	0	0	0	0	0	0	1	0	0	0	0	0	0	0	0	0	0	0	0	0	0	0	0	0	0	0	0	0	0	0	0	0	0	0	
023774	00000000237741	MANZANA COLEG  BJA X KG S E		0	0010900	0	0	0	1	0	0	0	000	0	1	1	1	1	0	0	0	0	0	0	0	0	0	0	0	0	0	1	0	0	0	0	0	0	0	0	0	0	0	0	0	0	0	0	0	0	0	0	0	0	0	0	0	0	0	
023848	00000000238489	LOCOTE VERDE ECONOMICO X KG		0	0010950	0	0	0	1	0	0	0	000	0	1	1	1	1	0	0	0	0	0	0	0	0	0	0	0	0	0	1	0	0	0	0	0	0	0	0	0	0	0	0	0	0	0	0	0	0	0	0	0	0	0	0	0	0	0	
033953	00000000339537	ZANAHORIA ECONOMICO X KG   		0	0006950	0	0	0	1	0	0	0	000	0	1	1	1	1	0	0	0	0	0	0	0	0	0	0	0	0	0	1	0	0	0	0	0	0	0	0	0	0	0	0	0	0	0	0	0	0	0	0	0	0	0	0	0	0	0	
037804	00000000378048	FRUTILLA EXTRA EN BANDEJA X		0	0034400	0	0	0	1	0	0	0	000	0	1	1	1	1	0	0	0	0	0	0	0	0	0	0	0	0	0	1	0	0	0	0	0	0	0	0	0	0	0	0	0	0	0	0	0	0	0	0	0	0	0	0	0	0	0	
037927	00000000379274	FLOR DE COCO               		0	0006350	0	0	1	1	0	0	0	000	0	1	1	1	1	0	0	0	0	0	0	0	0	0	0	0	0	0	1	0	0	0	0	0	0	0	0	0	0	0	0	0	0	0	0	0	0	0	0	0	0	0	0	0	0	0	
037982	00000000379823	ZAPALLO EXTRA PLASTIFICADO 		0	0005650	0	0	0	1	0	0	0	000	0	1	1	1	1	0	0	0	0	0	0	0	0	0	0	0	0	0	1	0	0	0	0	0	0	0	0	0	0	0	0	0	0	0	0	0	0	0	0	0	0	0	0	0	0	0	
037983	00000000379830	ZAPALLO NAC PLASTIFICADO   		0	0005150	0	0	0	1	0	0	0	000	0	1	1	1	1	0	0	0	0	0	0	0	0	0	0	0	0	0	1	0	0	0	0	0	0	0	0	0	0	0	0	0	0	0	0	0	0	0	0	0	0	0	0	0	0	0	
038433	00000000384339	REPOLLO MORADO PLASTIFICADO		0	0009000	0	0	0	1	0	0	0	000	0	1	1	1	1	0	0	0	0	0	0	0	0	0	0	0	0	0	1	0	0	0	0	0	0	0	0	0	0	0	0	0	0	0	0	0	0	0	0	0	0	0	0	0	0	0	
038723	00000000387231	COLIFLOR EN BANDEJA X KG   		0	0022900	0	0	0	1	0	0	0	000	0	1	1	1	1	0	0	0	0	0	0	0	0	0	0	0	0	0	1	0	0	0	0	0	0	0	0	0	0	0	0	0	0	0	0	0	0	0	0	0	0	0	0	0	0	0	
039029	00000000390293	UVA ROSADA EXTRA E BANDEJA 		0	0026350	0	0	0	1	0	0	0	000	0	1	1	1	1	0	0	0	0	0	0	0	0	0	0	0	0	0	1	0	0	0	0	0	0	0	0	0	0	0	0	0	0	0	0	0	0	0	0	0	0	0	0	0	0	0	
039185	00000000391856	AJI PICANTE EXTRA EN BANDEJ		0	0028750	0	0	0	1	0	0	0	000	0	1	1	1	1	0	0	0	0	0	0	0	0	0	0	0	0	0	1	0	0	0	0	0	0	0	0	0	0	0	0	0	0	0	0	0	0	0	0	0	0	0	0	0	0	0	
039186	00000000391863	JENGIBRE EXTRA EN BANDEJA  		0	0021750	0	0	0	1	0	0	0	000	0	1	1	1	1	0	0	0	0	0	0	0	0	0	0	0	0	0	1	0	0	0	0	0	0	0	0	0	0	0	0	0	0	0	0	0	0	0	0	0	0	0	0	0	0	0	
039231	00000000392310	LIMON TAHITI EN MALLA      		0	0008300	0	0	0	1	0	0	0	000	0	1	1	1	1	0	0	0	0	0	0	0	0	0	0	0	0	0	1	0	0	0	0	0	0	0	0	0	0	0	0	0	0	0	0	0	0	0	0	0	0	0	0	0	0	0	
039244	00000000392440	LOCOTE AMARILLO EN BANDEJA 		0	0030950	0	0	0	1	0	0	0	000	0	1	1	1	1	0	0	0	0	0	0	0	0	0	0	0	0	0	1	0	0	0	0	0	0	0	0	0	0	0	0	0	0	0	0	0	0	0	0	0	0	0	0	0	0	0	
039345	00000000393454	CEBOLLA ECONOMICA X KG     		0	0004350	0	0	0	1	0	0	0	000	0	1	1	1	1	0	0	0	0	0	0	0	0	0	0	0	0	0	1	0	0	0	0	0	0	0	0	0	0	0	0	0	0	0	0	0	0	0	0	0	0	0	0	0	0	0	
039741	00000000397414	COSTILLA GRILL CERDO X KG  		0	0022450	0	0	0	1	0	0	0	000	0	1	1	1	1	0	0	0	0	0	0	0	0	0	0	0	0	0	1	0	0	0	0	0	0	0	0	0	0	0	0	0	0	0	0	0	0	0	0	0	0	0	0	0	0	0	
040274	00000000402743	SANDIA EN PEDAZO PLASTIFICA		0	0005650	0	0	0	1	0	0	0	000	0	1	1	1	1	0	0	0	0	0	0	0	0	0	0	0	0	0	1	0	0	0	0	0	0	0	0	0	0	0	0	0	0	0	0	0	0	0	0	0	0	0	0	0	0	0	
040323	00000000403238	ACELGA JAPONESA SELECCIONAD		0	0017150	0	0	0	1	0	0	0	000	0	1	1	1	1	0	0	0	0	0	0	0	0	0	0	0	0	0	1	0	0	0	0	0	0	0	0	0	0	0	0	0	0	0	0	0	0	0	0	0	0	0	0	0	0	0	
041259	00000000412599	PALMA C DECORADO           		0	0006500	0	0	1	1	0	0	0	000	0	1	1	1	1	0	0	0	0	0	0	0	0	0	0	0	0	0	1	0	0	0	0	0	0	0	0	0	0	0	0	0	0	0	0	0	0	0	0	0	0	0	0	0	0	0	
041736	00000000417365	PALMA S DECORADO           		0	0006500	0	0	1	1	0	0	0	000	0	1	1	1	1	0	0	0	0	0	0	0	0	0	0	0	0	0	1	0	0	0	0	0	0	0	0	0	0	0	0	0	0	0	0	0	0	0	0	0	0	0	0	0	0	0	
044602	00000000446020	LECHUGA PIRATI SUPER XUND  		0	0007550	0	0	1	1	0	0	0	000	0	1	1	1	1	0	0	0	0	0	0	0	0	0	0	0	0	0	1	0	0	0	0	0	0	0	0	0	0	0	0	0	0	0	0	0	0	0	0	0	0	0	0	0	0	0	
044603	00000000446037	LECHUGA MORADA SUPER UND   		0	0007550	0	0	1	1	0	0	0	000	0	1	1	1	1	0	0	0	0	0	0	0	0	0	0	0	0	0	1	0	0	0	0	0	0	0	0	0	0	0	0	0	0	0	0	0	0	0	0	0	0	0	0	0	0	0	
044604	00000000446044	LECHUGA MIMOSA SUPER UND   		0	0007550	0	0	1	1	0	0	0	000	0	1	1	1	1	0	0	0	0	0	0	0	0	0	0	0	0	0	1	0	0	0	0	0	0	0	0	0	0	0	0	0	0	0	0	0	0	0	0	0	0	0	0	0	0	0	
044605	00000000446051	LECHUGA MANTECA SUPER UND  		0	0007550	0	0	1	1	0	0	0	000	0	1	1	1	1	0	0	0	0	0	0	0	0	0	0	0	0	0	1	0	0	0	0	0	0	0	0	0	0	0	0	0	0	0	0	0	0	0	0	0	0	0	0	0	0	0	
044692	00000000446921	MELON JAPONES IMPORTADO XKG		0	0013950	0	0	0	1	0	0	0	000	0	1	1	1	1	0	0	0	0	0	0	0	0	0	0	0	0	0	1	0	0	0	0	0	0	0	0	0	0	0	0	0	0	0	0	0	0	0	0	0	0	0	0	0	0	0	
046148	00000000461481	COSTILLA DE NOVILLO CONGELA		0	0017950	0	0	0	1	0	0	0	000	0	1	1	1	1	0	0	0	0	0	0	0	0	0	0	0	0	0	1	0	0	0	0	0	0	0	0	0	0	0	0	0	0	0	0	0	0	0	0	0	0	0	0	0	0	0	
057096	00000000570961	NARANJA IMPORT  EN BANDEJA 		0	0006800	0	0	0	1	0	0	0	000	0	1	1	1	1	0	0	0	0	0	0	0	0	0	0	0	0	0	1	0	0	0	0	0	0	0	0	0	0	0	0	0	0	0	0	0	0	0	0	0	0	0	0	0	0	0	
058231	00000000582315	EUCALIPTO MENTOLADO X MAZO 		0	0001700	0	0	1	1	0	0	0	000	0	1	1	1	1	0	0	0	0	0	0	0	0	0	0	0	0	0	1	0	0	0	0	0	0	0	0	0	0	0	0	0	0	0	0	0	0	0	0	0	0	0	0	0	0	0	
090000	00000000900003	MANZANA S E 1 KG VERDE VERD		0	0011950	0	0	0	1	0	0	0	000	0	1	1	1	1	0	0	0	0	0	0	0	0	0	0	0	0	0	1	0	0	0	0	0	0	0	0	0	0	0	0	0	0	0	0	0	0	0	0	0	0	0	0	0	0	0	
090002	00000000900027	MANZANA S E 1 COLEGIALA    		0	0009500	0	0	0	1	0	0	0	000	0	1	1	1	1	0	0	0	0	0	0	0	0	0	0	0	0	0	1	0	0	0	0	0	0	0	0	0	0	0	0	0	0	0	0	0	0	0	0	0	0	0	0	0	0	0	
090003	00000000900034	MANZANA SUPER X KG         		0	0009950	0	0	0	1	0	0	0	000	0	1	1	1	1	0	0	0	0	0	0	0	0	0	0	0	0	0	1	0	0	0	0	0	0	0	0	0	0	0	0	0	0	0	0	0	0	0	0	0	0	0	0	0	0	0	
090004	00000000900041	PERA S E 1 KG DE AGUA ARGEN		0	0008950	0	0	0	1	0	0	0	000	0	1	1	1	1	0	0	0	0	0	0	0	0	0	0	0	0	0	1	0	0	0	0	0	0	0	0	0	0	0	0	0	0	0	0	0	0	0	0	0	0	0	0	0	0	0	
090006	00000000900065	BANANA S E 1 KG ORO        		0	0009950	0	0	0	1	0	0	0	000	0	1	1	1	1	0	0	0	0	0	0	0	0	0	0	0	0	0	1	0	0	0	0	0	0	0	0	0	0	0	0	0	0	0	0	0	0	0	0	0	0	0	0	0	0	0	
090008	00000000900089	MAMON CHICO BRASIL X KG    		0	0016950	0	0	0	1	0	0	0	000	0	1	1	1	1	0	0	0	0	0	0	0	0	0	0	0	0	0	1	0	0	0	0	0	0	0	0	0	0	0	0	0	0	0	0	0	0	0	0	0	0	0	0	0	0	0	
090009	00000000900096	MAMON S E 1 KG GRANDE      		0	0013950	0	0	0	1	0	0	0	000	0	1	1	1	1	0	0	0	0	0	0	0	0	0	0	0	0	0	1	0	0	0	0	0	0	0	0	0	0	0	0	0	0	0	0	0	0	0	0	0	0	0	0	0	0	0	
090012	00000000900126	UVA S E 1 KG NEGRA BRASIL  		0	0024950	0	0	0	1	0	0	0	000	0	1	1	1	1	0	0	0	0	0	0	0	0	0	0	0	0	0	1	0	0	0	0	0	0	0	0	0	0	0	0	0	0	0	0	0	0	0	0	0	0	0	0	0	0	0	
090013	00000000900133	UVA S E 1 KG ROSADA NACIONA		0	0010950	0	0	0	1	0	0	0	000	0	1	1	1	1	0	0	0	0	0	0	0	0	0	0	0	0	0	1	0	0	0	0	0	0	0	0	0	0	0	0	0	0	0	0	0	0	0	0	0	0	0	0	0	0	0	
090014	00000000900140	KIWI S E 1 KG              		0	0039950	0	0	0	1	0	0	0	000	0	1	1	1	1	0	0	0	0	0	0	0	0	0	0	0	0	0	1	0	0	0	0	0	0	0	0	0	0	0	0	0	0	0	0	0	0	0	0	0	0	0	0	0	0	0	
090019	00000000900195	POMELO S E 1 KG NACIONAL   		0	0004950	0	0	0	1	0	0	0	000	0	1	1	1	1	0	0	0	0	0	0	0	0	0	0	0	0	0	1	0	0	0	0	0	0	0	0	0	0	0	0	0	0	0	0	0	0	0	0	0	0	0	0	0	0	0	
090026	00000000900263	MANGO S E 1 KG BRAZIL      		0	0008950	0	0	0	1	0	0	0	000	0	1	1	1	1	0	0	0	0	0	0	0	0	0	0	0	0	0	1	0	0	0	0	0	0	0	0	0	0	0	0	0	0	0	0	0	0	0	0	0	0	0	0	0	0	0	
090027	00000000900270	MELON S E 1 KG BRASILERO   		0	0009950	0	0	0	1	0	0	0	000	0	1	1	1	1	0	0	0	0	0	0	0	0	0	0	0	0	0	1	0	0	0	0	0	0	0	0	0	0	0	0	0	0	0	0	0	0	0	0	0	0	0	0	0	0	0	
090029	00000000900294	PI A S E 1 KG NACIONAL     		0	0009950	0	0	0	1	0	0	0	000	0	1	1	1	1	0	0	0	0	0	0	0	0	0	0	0	0	0	1	0	0	0	0	0	0	0	0	0	0	0	0	0	0	0	0	0	0	0	0	0	0	0	0	0	0	0	
090030	00000000900300	SANDIA X KG                		0	0004500	0	0	0	1	0	0	0	000	0	1	1	1	1	0	0	0	0	0	0	0	0	0	0	0	0	0	1	0	0	0	0	0	0	0	0	0	0	0	0	0	0	0	0	0	0	0	0	0	0	0	0	0	0	0	
090031	00000000900317	AGUACATE X KG              		0	0009950	0	0	0	1	0	0	0	000	0	1	1	1	1	0	0	0	0	0	0	0	0	0	0	0	0	0	1	0	0	0	0	0	0	0	0	0	0	0	0	0	0	0	0	0	0	0	0	0	0	0	0	0	0	0	
090033	00000000900331	MBURUCUYA S E 1 KG         		0	0019950	0	0	0	1	0	0	0	000	0	1	1	1	1	0	0	0	0	0	0	0	0	0	0	0	0	0	1	0	0	0	0	0	0	0	0	0	0	0	0	0	0	0	0	0	0	0	0	0	0	0	0	0	0	0	
090034	00000000900348	COCO S E 1 KG MARRON       		0	0013950	0	0	0	1	0	0	0	000	0	1	1	1	1	0	0	0	0	0	0	0	0	0	0	0	0	0	1	0	0	0	0	0	0	0	0	0	0	0	0	0	0	0	0	0	0	0	0	0	0	0	0	0	0	0	
090035	00000000900355	MANZANA EN BANDEJA BJA 1 KG		0	0011400	0	0	0	1	0	0	0	000	0	1	1	1	1	0	0	0	0	0	0	0	0	0	0	0	0	0	1	0	0	0	0	0	0	0	0	0	0	0	0	0	0	0	0	0	0	0	0	0	0	0	0	0	0	0	
090036	00000000900362	MANZANA VERDE EXTRA EN BAND		0	0013700	0	0	0	1	0	0	0	000	0	1	1	1	1	0	0	0	0	0	0	0	0	0	0	0	0	0	1	0	0	0	0	0	0	0	0	0	0	0	0	0	0	0	0	0	0	0	0	0	0	0	0	0	0	0	
090038	00000000900386	NARANJA EN BANDEJA BJA 1 KG		0	0006650	0	0	0	1	0	0	0	000	0	1	1	1	1	0	0	0	0	0	0	0	0	0	0	0	0	0	1	0	0	0	0	0	0	0	0	0	0	0	0	0	0	0	0	0	0	0	0	0	0	0	0	0	0	0	
090042	00000000900423	REPOLLO S E 1 KG BLANCO    		0	0005950	0	0	0	1	0	0	0	000	0	1	1	1	1	0	0	0	0	0	0	0	0	0	0	0	0	0	1	0	0	0	0	0	0	0	0	0	0	0	0	0	0	0	0	0	0	0	0	0	0	0	0	0	0	0	
090043	00000000900430	REPOLLO S E 1 KG MORADO    		0	0007500	0	0	0	1	0	0	0	000	0	1	1	1	1	0	0	0	0	0	0	0	0	0	0	0	0	0	1	0	0	0	0	0	0	0	0	0	0	0	0	0	0	0	0	0	0	0	0	0	0	0	0	0	0	0	
090044	00000000900447	PAPA BLANCA BRASIL S E X KG		0	0005950	0	0	0	1	0	0	0	000	0	1	1	1	1	0	0	0	0	0	0	0	0	0	0	0	0	0	1	0	0	0	0	0	0	0	0	0	0	0	0	0	0	0	0	0	0	0	0	0	0	0	0	0	0	0	
090047	00000000900478	MANDIOCA S E 1 KG          		0	0005450	0	0	0	1	0	0	0	000	0	1	1	1	1	0	0	0	0	0	0	0	0	0	0	0	0	0	1	0	0	0	0	0	0	0	0	0	0	0	0	0	0	0	0	0	0	0	0	0	0	0	0	0	0	0	
090048	00000000900485	TOMATE LISA S E 1 KG       		0	0013950	0	0	0	1	0	0	0	000	0	1	1	1	1	0	0	0	0	0	0	0	0	0	0	0	0	0	1	0	0	0	0	0	0	0	0	0	0	0	0	0	0	0	0	0	0	0	0	0	0	0	0	0	0	0	
090049	00000000900492	TOMATE S E 1 KG SANTA CRUZ 		0	0009950	0	0	0	1	0	0	0	000	0	1	1	1	1	0	0	0	0	0	0	0	0	0	0	0	0	0	1	0	0	0	0	0	0	0	0	0	0	0	0	0	0	0	0	0	0	0	0	0	0	0	0	0	0	0	
090052	00000000900522	LOCOTE S E 1 KG VERDE      		0	0012950	0	0	0	1	0	0	0	000	0	1	1	1	1	0	0	0	0	0	0	0	0	0	0	0	0	0	1	0	0	0	0	0	0	0	0	0	0	0	0	0	0	0	0	0	0	0	0	0	0	0	0	0	0	0	
090053	00000000900539	LOCOTE S E 1 KG AMARILLO   		0	0026950	0	0	0	1	0	0	0	000	0	1	1	1	1	0	0	0	0	0	0	0	0	0	0	0	0	0	1	0	0	0	0	0	0	0	0	0	0	0	0	0	0	0	0	0	0	0	0	0	0	0	0	0	0	0	
090056	00000000900560	REMOLACHA S E 1 KG         		0	0007500	0	0	0	1	0	0	0	000	0	1	1	1	1	0	0	0	0	0	0	0	0	0	0	0	0	0	1	0	0	0	0	0	0	0	0	0	0	0	0	0	0	0	0	0	0	0	0	0	0	0	0	0	0	0	
090057	00000000900577	BERENJENA S E X KG         		0	0009950	0	0	0	1	0	0	0	000	0	1	1	1	1	0	0	0	0	0	0	0	0	0	0	0	0	0	1	0	0	0	0	0	0	0	0	0	0	0	0	0	0	0	0	0	0	0	0	0	0	0	0	0	0	0	
090061	00000000900614	BATATA S E 1 KG ROJA       		0	0006950	0	0	0	1	0	0	0	000	0	1	1	1	1	0	0	0	0	0	0	0	0	0	0	0	0	0	1	0	0	0	0	0	0	0	0	0	0	0	0	0	0	0	0	0	0	0	0	0	0	0	0	0	0	0	
090062	00000000900621	CALABACITA S E 1 KG BRAZIL 		0	0007950	0	0	0	1	0	0	0	000	0	1	1	1	1	0	0	0	0	0	0	0	0	0	0	0	0	0	1	0	0	0	0	0	0	0	0	0	0	0	0	0	0	0	0	0	0	0	0	0	0	0	0	0	0	0	
090064	00000000900645	CHOCLO S E 1 KG DESGRANADO 		0	0012950	0	0	0	1	0	0	0	000	0	1	1	1	1	0	0	0	0	0	0	0	0	0	0	0	0	0	1	0	0	0	0	0	0	0	0	0	0	0	0	0	0	0	0	0	0	0	0	0	0	0	0	0	0	0	
090065	00000000900652	ACELGA S E 1 KG JAPONES    		0	0014950	0	0	0	1	0	0	0	000	0	1	1	1	1	0	0	0	0	0	0	0	0	0	0	0	0	0	1	0	0	0	0	0	0	0	0	0	0	0	0	0	0	0	0	0	0	0	0	0	0	0	0	0	0	0	
090066	00000000900669	GENGIBRE S E 1 KG          		0	0018950	0	0	0	1	0	0	0	000	0	1	1	1	1	0	0	0	0	0	0	0	0	0	0	0	0	0	1	0	0	0	0	0	0	0	0	0	0	0	0	0	0	0	0	0	0	0	0	0	0	0	0	0	0	0	
090068	00000000900683	ZAPALLO S E 1 KG NACIONAL  		0	0004500	0	0	0	1	0	0	0	000	0	1	1	1	1	0	0	0	0	0	0	0	0	0	0	0	0	0	1	0	0	0	0	0	0	0	0	0	0	0	0	0	0	0	0	0	0	0	0	0	0	0	0	0	0	0	
090070	00000000900706	ZAPALLITO DE TRONCO X KG   		0	0009950	0	0	0	1	0	0	0	000	0	1	1	1	1	0	0	0	0	0	0	0	0	0	0	0	0	0	1	0	0	0	0	0	0	0	0	0	0	0	0	0	0	0	0	0	0	0	0	0	0	0	0	0	0	0	
090071	00000000900713	ZANAHORIA EN BANDEJA BJA 1 		0	0009100	0	0	0	1	0	0	0	000	0	1	1	1	1	0	0	0	0	0	0	0	0	0	0	0	0	0	1	0	0	0	0	0	0	0	0	0	0	0	0	0	0	0	0	0	0	0	0	0	0	0	0	0	0	0	
090072	00000000900720	TOMATE LISA X KG EN BANDEJA		0	0016000	0	0	0	1	0	0	0	000	0	1	1	1	1	0	0	0	0	0	0	0	0	0	0	0	0	0	1	0	0	0	0	0	0	0	0	0	0	0	0	0	0	0	0	0	0	0	0	0	0	0	0	0	0	0	
090073	00000000900737	LOCOTE ROJO EXTRA EN BANDEJ		0	0025200	0	0	0	1	0	0	0	000	0	1	1	1	1	0	0	0	0	0	0	0	0	0	0	0	0	0	1	0	0	0	0	0	0	0	0	0	0	0	0	0	0	0	0	0	0	0	0	0	0	0	0	0	0	0	
090074	00000000900744	LOCOTE VERDE EXTRA EN BANDE		0	0014850	0	0	0	1	0	0	0	000	0	1	1	1	1	0	0	0	0	0	0	0	0	0	0	0	0	0	1	0	0	0	0	0	0	0	0	0	0	0	0	0	0	0	0	0	0	0	0	0	0	0	0	0	0	0	
090078	00000000900782	PAPA EN MALLA X KILO       		0	0005650	0	0	0	1	0	0	0	000	0	1	1	1	1	0	0	0	0	0	0	0	0	0	0	0	0	0	1	0	0	0	0	0	0	0	0	0	0	0	0	0	0	0	0	0	0	0	0	0	0	0	0	0	0	0	
090079	00000000900799	CEBOLLA EN MALLA MLL 1 KG A		0	0005650	0	0	0	1	0	0	0	000	0	1	1	1	1	0	0	0	0	0	0	0	0	0	0	0	0	0	1	0	0	0	0	0	0	0	0	0	0	0	0	0	0	0	0	0	0	0	0	0	0	0	0	0	0	0	
090135	00000000901352	PIERNA DE CERDO S E 1 KG   		0	0018950	0	0	0	1	0	0	0	000	0	1	1	1	1	0	0	0	0	0	0	0	0	0	0	0	0	0	1	0	0	0	0	0	0	0	0	0	0	0	0	0	0	0	0	0	0	0	0	0	0	0	0	0	0	0	
090305	00000000903059	NARANJA S E X KG           		0	0005950	0	0	0	1	0	0	0	000	0	1	1	1	1	0	0	0	0	0	0	0	0	0	0	0	0	0	1	0	0	0	0	0	0	0	0	0	0	0	0	0	0	0	0	0	0	0	0	0	0	0	0	0	0	0	
090324	00000000903240	LIMON EN MALLA MLL 1 KG TAI		0	0007950	0	0	0	1	0	0	0	000	0	1	1	1	1	0	0	0	0	0	0	0	0	0	0	0	0	0	1	0	0	0	0	0	0	0	0	0	0	0	0	0	0	0	0	0	0	0	0	0	0	0	0	0	0	0	
